0.9999827146530151
0.9658946990966797
0.9729827642440796
0.9880475401878357
0.9281175136566162
0.9998041987419128
0.951503574848175
0.9763325452804565
0.9985706210136414
0.9952758550643921
0.9995406866073608
0.9777382016181946
0.9519661664962769
0.9981319308280945
0.999826967716217
1.0
0.9888327717781067
0.9999446868896484
0.9999975562095642
0.9985789060592651
0.993729293346405
0.9572028517723083
0.9999434947967529
0.9618415832519531
0.9757938981056213
0.9999872446060181
0.9998666644096375
0.9989503026008606
0.9992883205413818
0.9948365688323975
0.9723819494247437
0.9931361675262451
0.9999944567680359
0.9992300271987915
0.9685261249542236
1.0
0.9510797262191772
0.9866706132888794
0.9999827742576599
0.9241900444030762
0.999792754650116
0.9690670371055603
0.9818475246429443
0.9987001419067383
0.9989543557167053
0.9972683787345886
0.9999162554740906
0.9988088607788086
0.9517911672592163
0.9987612366676331
0.9970486164093018
0.8398537635803223
0.9988197088241577
0.9880774021148682
0.9841315150260925
0.9970123767852783
0.9956319332122803
0.9998994469642639
0.982415497303009
0.9888800382614136
0.9999963641166687
0.9753797650337219
0.9701049327850342
0.9701614379882812
0.99912029504776
0.9729538559913635
0.9696256518363953
0.9999927282333374
0.9757845401763916
0.9976376295089722
0.9761799573898315
0.9997826814651489
0.9919609427452087
0.9742856621742249
0.990727961063385
0.9999974966049194
0.9958957433700562
0.9759373664855957
0.9760913848876953
0.9919365048408508
0.9935066103935242
0.9755103588104248
0.9993638396263123
0.9993389248847961
0.9854179620742798
0.9995347857475281
0.999945342540741
0.9999299049377441
0.9999905824661255
0.999962568283081
0.9868413209915161
0.9999858140945435
0.9999787211418152
0.9999985098838806
0.9812440872192383
0.9997280836105347
0.9999991655349731
0.9999454021453857
0.9999974370002747
0.9982919692993164
0.992194652557373
0.9970433115959167
0.9999985694885254
0.9976713061332703
0.9999786615371704
0.9999976754188538
0.9999197125434875
0.9928778409957886
0.9739483594894409
0.9971922636032104
0.9999977350234985
0.9999777674674988
0.9686110019683838
0.9985322952270508
0.9999405145645142
0.9996592402458191
0.9286415576934814
0.9964901208877563
0.984901487827301
0.9974193572998047
0.9968699216842651
0.9931709170341492
0.9912586808204651
0.985186755657196
0.9999995231628418
0.9999175071716309
0.9917102456092834
0.9999913573265076
0.9390639066696167
0.9999996423721313
0.9994325041770935
0.9964854717254639
0.9860565066337585
0.9963496923446655
0.99994957447052
0.9933173060417175
1.0
0.9756583571434021
0.993537962436676
0.9858822226524353
0.9854463338851929
0.9999709725379944
0.9340831637382507
0.9999961853027344
0.9999993443489075
0.9999322295188904
0.9997636079788208
0.9947208762168884
0.9989678263664246
0.9903099536895752
0.9998453259468079
0.962159276008606
0.9999926686286926
0.9987322092056274
0.9987398982048035
1.0
0.9231175780296326
0.9639898538589478
0.9964784979820251
0.9956444501876831
0.9768885374069214
0.9999885559082031
0.9957551956176758
0.9197800159454346
0.9999013543128967
0.9664338231086731
0.9999489188194275
0.9802334308624268
0.9962478876113892
0.9874451756477356
0.9614319205284119
0.9999185800552368
0.9998598098754883
0.9755007028579712
0.9940884113311768
0.9903896450996399
0.9671579599380493
0.985366940498352
0.9999390840530396
0.9969801902770996
0.9888517260551453
0.9999957084655762
0.9630091190338135
0.9979404211044312
0.9995099306106567
0.982402503490448
0.9999837279319763
0.9787966012954712
0.9999756813049316
0.9765002727508545
0.9999998807907104
0.9751037359237671
0.9904732704162598
0.9981456398963928
0.9992933869361877
0.9996935725212097
0.9978032112121582
0.9998540282249451
0.9986003041267395
0.9999897480010986
0.9997612833976746
0.990772008895874
0.9951732754707336
0.9927908778190613
0.9996580481529236
0.9998754262924194
0.9864363670349121
0.9782153367996216
0.9999917149543762
0.9999802708625793
0.9996459484100342
0.984387993812561
0.981949508190155
0.9983071088790894
0.9892473220825195
0.9779567718505859
0.9874234199523926
0.9909388422966003
0.988754153251648
0.9612792134284973
0.9739721417427063
0.9743640422821045
0.9640340209007263
0.9652653932571411
0.9747271537780762
0.95993971824646
0.9590930938720703
0.9973053932189941
0.9565288424491882
0.983622670173645
0.9867713451385498
0.976639986038208
0.9719939231872559
0.9849583506584167
0.9940070509910583
0.9596937894821167
0.9617304801940918
0.9502370357513428
0.9834421873092651
0.9593281745910645
0.999970018863678
0.9999642372131348
0.9976418018341064
0.9302595257759094
0.9789999723434448
0.9963123798370361
0.9871314167976379
0.998680591583252
0.9965493679046631
0.9995782971382141
0.9757351875305176
0.9999304413795471
0.9669287800788879
0.9995653629302979
0.9731510877609253
0.9999995231628418
0.9999990463256836
0.9758813381195068
0.9948493838310242
0.9980473518371582
0.9844988584518433
0.9999586939811707
0.9873368740081787
0.9681395292282104
1.0
0.9993125796318054
0.999994695186615
0.9997984170913696
0.980189323425293
0.9910983443260193
0.9912019371986389
0.9835096597671509
0.9868992567062378
0.9988837242126465
0.967664361000061
0.9995120763778687
0.9999788999557495
0.9628655910491943
0.9817950129508972
0.9987140893936157
0.9999787211418152
0.9870960116386414
0.9843014478683472
0.9961826205253601
0.9640196561813354
0.9889458417892456
0.9517883658409119
0.9962033033370972
