[0.9999663829803467, 1.0, 0.9997249841690063, 1.0, 0.9999408721923828, 0.9999999403953552, 1.0]
[1.0, 0.999998152256012, 0.9999997615814209, 0.9642028212547302, 1.0, 1.0, 0.9971777200698853, 0.9979053139686584, 0.9991273283958435, 0.9378824234008789]
[0.9999868869781494, 0.9999955892562866, 0.992904543876648, 1.0, 1.0, 1.0, 0.9999880194664001, 0.9997292160987854, 0.999528706073761, 1.0, 0.9684320092201233, 0.9843717813491821]
[0.7529503703117371, 1.0, 1.0, 0.999981164932251, 0.9924930334091187, 1.0, 0.9969704151153564, 0.7639403939247131, 1.0, 1.0, 1.0]
[0.997859001159668, 0.999905526638031, 0.997569739818573, 1.0, 0.9241985082626343, 0.9993467330932617, 0.9999443888664246, 1.0]
[1.0, 0.999580979347229, 1.0, 1.0, 0.9999986290931702, 1.0, 0.9953958988189697, 1.0, 0.9999964237213135, 1.0, 1.0, 1.0]
[1.0, 0.9999799728393555, 1.0, 0.9999996423721313, 1.0, 0.9999973177909851, 1.0, 0.9847975373268127]
[1.0, 0.8439319729804993, 0.9999996423721313, 0.9999999403953552, 0.9999123811721802, 0.9999998807907104, 0.7141314744949341, 0.9946518540382385, 0.9999995231628418, 0.999009370803833, 1.0]
[0.9992546439170837, 1.0, 0.9999868273735046, 0.9973446130752563, 0.9999996423721313, 1.0, 1.0, 1.0, 1.0, 1.0, 1.0, 0.9985307455062866, 1.0, 0.7929938435554504, 0.67549729347229, 1.0, 1.0]
[1.0, 0.9999995231628418, 1.0, 0.7119206190109253, 0.9999991059303284, 1.0, 0.9997566342353821, 0.9999125003814697, 1.0, 0.9999999403953552, 0.9999996423721313, 0.9999998211860657, 1.0]
[0.8378558158874512, 0.9999853372573853, 0.999890148639679, 0.9999914765357971, 1.0, 0.9882121086120605, 0.9999443888664246, 0.9998268485069275, 0.9999344944953918, 1.0, 1.0, 0.9999906420707703]
[0.999178946018219, 0.7247088551521301, 0.9976407885551453, 0.9774535894393921, 0.549597442150116, 1.0, 0.9999970197677612, 1.0, 0.9999991059303284, 1.0, 0.9683889150619507, 0.9950820803642273, 1.0, 0.9999971985816956]
[1.0, 0.9999996423721313, 1.0, 1.0, 0.9999526739120483]
[1.0, 1.0, 0.999993085861206, 0.9999996423721313, 1.0, 0.9959646463394165, 0.9999998807907104, 1.0, 1.0, 1.0, 1.0, 1.0, 0.9999998211860657, 0.9999982714653015]
[1.0, 1.0, 0.999999463558197, 0.9999704360961914, 1.0, 1.0, 0.9999862313270569, 0.9999996423721313, 1.0, 1.0, 1.0]
[0.9999997615814209, 1.0, 1.0, 1.0, 1.0, 1.0, 1.0, 0.9711688160896301, 0.558832049369812, 1.0, 1.0, 1.0, 1.0, 1.0, 1.0, 0.9999999403953552, 1.0]
[1.0, 0.982291579246521, 1.0, 1.0, 0.9999310374259949, 0.9821518659591675, 1.0, 1.0, 0.9997464418411255, 1.0, 1.0, 1.0]
[0.9999690651893616, 0.9527870416641235, 1.0, 1.0, 1.0, 1.0, 0.9998885989189148, 1.0, 0.8282472491264343, 1.0, 1.0, 0.9999484419822693]
[0.999994158744812, 1.0, 0.9994110465049744, 1.0, 0.9999990463256836, 1.0, 0.9999244809150696, 0.9999951720237732, 0.9994246959686279, 0.5623130202293396, 0.9999948143959045, 1.0, 1.0, 0.9999619126319885]
[1.0, 0.9943134188652039, 1.0, 0.9999991655349731, 0.9837573766708374, 0.999695360660553, 1.0, 0.9999984502792358, 1.0, 1.0, 0.9999949336051941, 1.0]
[1.0, 0.9324399828910828, 0.9951072931289673, 1.0, 0.9651419520378113, 0.998771071434021, 0.9999999403953552, 1.0, 0.9999877214431763, 0.9446302056312561, 0.9752334952354431, 0.9999996423721313, 1.0, 1.0]
[0.9999999403953552, 1.0, 0.9999913573265076, 1.0, 0.9999212026596069, 1.0, 0.999872624874115, 1.0]
[0.999998927116394, 0.9998775720596313, 0.999996542930603, 1.0, 0.9999999403953552, 0.9999991655349731, 0.9999896883964539, 1.0, 1.0, 0.9985425472259521, 0.9999986886978149, 0.9999410510063171, 0.9882799983024597, 0.9999998211860657]
[0.999862551689148, 0.9983019828796387, 1.0, 0.998869001865387, 0.9999551177024841, 0.9991180300712585, 1.0, 1.0, 1.0, 1.0, 0.9667394161224365, 0.9628003835678101, 1.0, 1.0]
[0.9786356687545776, 1.0, 0.999997079372406, 0.9999732375144958, 0.9999998807907104, 1.0, 1.0, 0.9963891506195068, 1.0, 0.999999463558197, 0.9999908804893494, 0.5777801275253296, 1.0]
[0.9991272687911987, 1.0, 0.9999996423721313, 1.0]
[1.0, 1.0, 0.9999975562095642, 1.0, 0.9791082739830017, 0.9999996423721313, 1.0, 1.0, 0.9979962110519409, 0.585780143737793, 1.0, 1.0, 1.0]
[0.9557484984397888, 1.0, 1.0, 1.0, 0.9965014457702637, 0.9198208451271057, 1.0, 1.0]
[1.0, 0.9999995231628418, 1.0, 0.9999926686286926, 1.0, 0.9999935030937195, 0.9999401569366455, 1.0, 1.0, 0.9999923706054688, 0.9993928670883179, 1.0, 1.0]
[0.619608461856842, 0.9998607039451599, 1.0, 1.0, 0.9849727749824524, 0.9999861717224121, 0.9925088286399841, 0.9999921917915344, 1.0, 1.0]
[1.0, 0.9999874830245972, 0.999999463558197, 1.0, 0.9999992847442627, 1.0, 0.9999416470527649, 0.9999996423721313, 0.996471107006073, 1.0, 0.9999728798866272, 0.9653275012969971, 1.0, 1.0]
[0.9999998807907104, 1.0, 0.9999958276748657, 0.9999898672103882, 0.9999855756759644, 0.9997763633728027, 0.9999998807907104, 0.9994383454322815, 0.8155859708786011, 0.9999859929084778, 0.9999997615814209, 0.9999999403953552, 0.9982892274856567]
[0.9999999403953552, 1.0, 0.9932649731636047, 0.9992357492446899, 1.0, 0.9991160035133362, 1.0, 0.9996520280838013, 0.989782452583313, 0.9999998807907104, 0.9999998807907104, 0.9957231283187866, 1.0]
[1.0, 0.999993085861206, 0.9999999403953552, 1.0, 0.9999999403953552, 1.0, 0.9999999403953552]
[0.9999999403953552, 1.0, 1.0, 0.9998858571052551, 0.7374709844589233, 1.0, 0.996802568435669, 0.9999980926513672, 1.0, 0.999985933303833, 1.0, 1.0, 1.0, 0.9999725222587585, 0.9999984502792358]
[0.9999999403953552, 1.0, 0.9999996423721313, 0.9999998807907104, 1.0, 1.0, 1.0, 1.0, 1.0, 1.0, 0.9999848008155823]
[0.9396600127220154, 1.0, 1.0, 1.0, 1.0, 0.9999740719795227, 0.9999290704727173, 1.0, 1.0, 1.0, 0.8671815991401672, 0.851437509059906, 0.9999992847442627, 1.0]
[1.0, 0.9999913573265076, 0.9963294863700867, 0.9434699416160583, 0.9994570016860962, 0.5729953050613403, 0.9999881386756897, 1.0, 1.0, 0.9998276233673096, 1.0, 1.0, 1.0, 0.998778760433197]
[0.9999998807907104, 1.0, 0.9991698861122131, 0.9949367046356201, 1.0, 0.9999987483024597, 0.9303183555603027, 0.9999650120735168]
[1.0, 1.0, 0.9970605373382568, 1.0, 1.0, 1.0, 1.0, 0.9999998211860657, 0.999993622303009, 0.968746542930603, 0.9999901652336121, 1.0]
[0.9777881503105164, 1.0, 0.985266387462616, 0.9999120831489563, 1.0, 1.0, 0.9999874830245972, 0.9264416694641113, 1.0, 1.0, 1.0, 1.0]
[0.9999963045120239, 0.9997309446334839, 1.0, 0.9999996423721313, 0.9999900460243225, 1.0, 1.0, 1.0]
[0.9999998807907104, 1.0, 1.0, 1.0, 1.0, 1.0, 1.0, 1.0, 1.0, 0.996084451675415, 0.9999983906745911, 0.9999995231628418, 1.0]
[0.9895423054695129, 0.9963757991790771, 1.0, 0.9989519119262695, 0.9995078444480896, 1.0, 1.0, 1.0, 0.9999995827674866, 1.0, 0.9980583190917969, 1.0, 1.0, 0.9999997615814209]
[0.671563982963562, 0.9999378323554993, 0.9999975562095642, 0.9999616146087646, 1.0, 0.9997918605804443, 0.9999979734420776, 1.0, 0.9999951720237732, 0.9999999403953552, 0.9997406005859375, 0.9999738335609436, 1.0]
[1.0, 0.6419431567192078, 0.9999996423721313, 1.0, 1.0, 1.0, 0.9999998807907104, 1.0, 1.0, 1.0, 0.9999935030937195, 1.0, 1.0, 1.0, 1.0]
[0.9999861717224121, 0.9969595074653625, 0.9838177561759949, 0.9995986223220825, 1.0, 1.0, 1.0, 0.9999998211860657, 0.9999992847442627, 1.0, 0.9999996423721313, 1.0, 0.9999996423721313]
[0.9999997615814209, 1.0, 0.9022583365440369, 1.0, 1.0, 1.0, 1.0, 1.0, 0.9999871253967285]
[0.9999996423721313, 0.9999999403953552, 1.0, 0.9999995231628418, 0.9999991655349731, 0.9999939203262329, 1.0, 0.9998508095741272, 0.9999433159828186, 0.9917307496070862, 0.9999996423721313, 0.9999555945396423, 1.0, 1.0]
[1.0, 0.9999978542327881, 1.0, 0.9997684955596924, 1.0, 1.0, 1.0, 1.0, 0.8501008749008179, 1.0, 0.9174719452857971, 1.0]
[1.0, 1.0, 1.0, 0.9976679682731628, 1.0, 0.9999998211860657, 0.9999992251396179, 0.9999994039535522, 0.9998342394828796, 1.0, 0.9999604821205139, 0.9999813437461853, 0.999998152256012]
[1.0, 0.99998939037323, 1.0, 1.0, 0.9999998807907104]
[0.99997878074646, 0.5036265850067139, 0.9999998211860657, 1.0, 0.9995137453079224, 1.0, 0.9999006986618042, 0.999649167060852, 1.0, 0.9999971389770508]
[1.0, 0.9404887557029724, 0.9981149435043335, 1.0, 1.0, 1.0, 1.0, 1.0, 0.9833731055259705, 0.9999872446060181]
[1.0, 1.0, 0.9999963045120239, 0.9942135214805603, 1.0, 1.0, 0.9999996423721313, 0.9999937415122986, 0.5014955997467041, 1.0, 1.0, 1.0, 1.0, 0.999998152256012]
[1.0, 0.9999998807907104, 0.962514340877533, 1.0, 1.0, 1.0, 0.9986017346382141, 1.0, 1.0, 0.9999999403953552, 1.0, 0.999998152256012, 1.0, 0.8381770849227905]
[0.9999999403953552, 0.9999372363090515, 0.9999836683273315, 0.9999998807907104, 1.0, 1.0, 1.0, 1.0, 1.0]
[1.0, 0.9914233088493347, 0.999994695186615, 1.0, 0.9262006878852844, 1.0, 1.0, 0.9999992251396179, 0.9997662901878357, 1.0, 1.0, 0.9958637952804565, 0.9999997615814209]
[1.0, 0.9999999403953552, 0.9999881386756897, 0.9998930096626282, 0.9929744005203247, 1.0, 0.9998340606689453, 1.0, 0.9953988790512085, 0.8997805118560791, 1.0, 0.9999999403953552, 1.0, 1.0, 0.9884840250015259, 1.0]
[1.0, 0.9999997615814209, 1.0, 0.9842624068260193, 1.0, 0.9999978542327881, 1.0, 1.0, 1.0, 0.999994158744812, 0.9999858736991882, 1.0]
[1.0, 1.0, 1.0, 1.0, 0.9999999403953552, 0.8598245978355408, 0.9999971985816956, 1.0, 1.0, 0.9602295756340027, 0.9999979734420776, 1.0, 1.0, 1.0]
[0.8829750418663025, 1.0, 1.0, 1.0, 1.0, 1.0, 1.0, 0.9999512434005737, 1.0, 0.8821832537651062]
[0.9999939203262329, 0.9159424901008606, 0.9783629179000854, 0.9981905817985535, 0.9977694153785706, 1.0, 0.9997299909591675, 1.0, 1.0]
[1.0, 1.0, 1.0, 1.0, 1.0, 0.9999967813491821, 1.0, 0.9999836087226868, 0.9999998807907104, 1.0]
[1.0, 1.0, 0.8094707727432251, 0.9998716115951538, 1.0, 0.9999960660934448]
[0.9999997615814209, 0.858923077583313, 1.0, 0.9999980926513672, 0.9999982714653015, 0.9874032139778137, 0.9999957084655762, 1.0, 0.9999990463256836, 1.0, 0.9999849200248718, 0.9469217658042908, 1.0, 1.0, 1.0, 1.0]
[1.0, 1.0, 1.0, 0.9999915361404419, 1.0, 0.6391893029212952, 0.924409031867981, 1.0, 0.9996110796928406, 0.9999850392341614]
[1.0, 0.9978331923484802, 1.0, 1.0, 0.9999998211860657, 0.9999998807907104, 0.9999983906745911, 1.0, 0.9999992847442627, 0.9999134540557861, 1.0, 0.9955846667289734, 0.9373635649681091, 0.9992719292640686]
[1.0, 0.8555753827095032, 1.0, 0.9997926354408264, 1.0, 1.0, 0.9999999403953552, 1.0, 1.0, 0.9994921684265137, 1.0, 1.0, 0.9999944567680359, 0.9974772334098816, 0.9999340772628784, 0.9946690201759338, 1.0]
[0.9999500513076782, 1.0, 0.9906783103942871, 1.0, 0.9999147653579712, 1.0, 0.999986469745636, 1.0, 1.0, 0.9999281167984009, 1.0, 1.0, 1.0, 0.9998301863670349]
[0.9998323917388916, 0.7419741749763489, 1.0, 0.9999881982803345, 1.0, 1.0, 0.9963065981864929, 1.0, 1.0, 1.0, 0.9755502343177795, 0.9999997615814209]
[1.0, 0.9914659261703491, 0.9998229146003723, 1.0, 1.0, 0.9999999403953552, 0.9999314546585083, 1.0, 1.0, 0.9999979734420776, 0.9999584555625916, 1.0, 1.0]
[0.9999998807907104, 1.0, 0.999991238117218, 0.9999996423721313, 0.999779999256134, 1.0, 1.0, 0.999998152256012, 0.9999998807907104, 1.0]
[1.0, 0.9999658465385437, 1.0, 1.0, 0.9999813437461853, 0.999994158744812, 0.9999999403953552, 1.0, 1.0, 1.0, 0.9999586939811707, 0.9999999403953552, 0.9999998211860657, 1.0]
[1.0, 0.9999579787254333, 1.0, 1.0, 1.0, 0.999841570854187, 0.9999990463256836, 1.0, 1.0, 0.9999999403953552, 1.0, 0.9999435544013977]
[0.9999923706054688, 1.0, 1.0, 1.0, 0.82355797290802, 1.0, 0.9950767159461975, 0.9999999403953552, 0.7897571325302124, 0.9978763461112976, 1.0, 1.0, 1.0, 0.9956176280975342, 1.0]
[0.9983180165290833, 1.0, 0.999994158744812, 1.0, 1.0, 1.0, 1.0, 0.5985754132270813, 0.9999996423721313, 0.9999999403953552, 0.9998027682304382, 1.0, 0.9276624321937561, 0.9998367428779602, 0.9999996423721313]
[0.9803904294967651, 1.0, 0.9999998807907104, 1.0, 1.0]
[1.0, 1.0, 1.0, 0.9998568892478943, 0.9990071058273315, 0.9999998807907104, 1.0, 1.0, 1.0, 1.0, 1.0, 1.0, 0.999816358089447, 0.9999987483024597, 1.0, 1.0, 0.9999997615814209]
[1.0, 0.9999250173568726, 1.0, 0.970425009727478, 1.0, 0.9722080826759338, 0.9999999403953552, 0.9966593980789185, 0.9999998807907104]
[1.0, 1.0, 0.9985920190811157, 1.0, 1.0, 1.0, 1.0, 0.9999756217002869, 1.0, 1.0, 0.9999647736549377, 0.9699724316596985, 0.9553532600402832, 1.0]
[1.0, 0.9996969699859619, 0.9998417496681213, 0.9967184066772461, 1.0, 1.0, 1.0, 1.0, 1.0, 0.6875613331794739]
[1.0, 0.9999998807907104, 1.0, 1.0, 0.9953052401542664, 1.0, 1.0, 0.9992766976356506, 1.0]
[0.9999999403953552, 1.0, 1.0, 1.0, 0.9999480843544006, 1.0, 1.0, 0.8848558664321899, 0.9999628067016602, 0.9999998807907104, 1.0, 1.0, 0.9998248219490051]
[0.9480155110359192, 0.9999999403953552, 1.0, 1.0, 1.0, 0.9997591972351074, 0.9971426129341125, 0.9999990463256836, 0.9986209869384766, 0.9997398853302002, 1.0, 0.9999997615814209, 0.9999983906745911, 0.9999998211860657, 1.0]
[0.9999998807907104, 1.0, 0.9998295903205872, 0.9848893284797668, 0.9999999403953552, 1.0, 0.9999992847442627, 0.9999961853027344, 0.9880189895629883, 0.9969190359115601, 1.0, 0.8096850514411926]
[0.9999945759773254, 1.0, 0.9924355745315552, 0.9999996423721313, 1.0, 0.9997690916061401, 0.9993526935577393, 1.0, 1.0, 1.0, 1.0]
[0.9976633787155151, 0.9999927878379822, 0.9999987483024597, 1.0, 0.9999809861183167, 1.0, 1.0, 1.0, 1.0, 0.999994158744812, 1.0, 0.9999996423721313, 0.9999957084655762]
[0.9999996423721313, 1.0, 0.9766029715538025, 1.0, 0.9999997615814209, 1.0, 0.6221813559532166, 0.9999685287475586, 1.0, 0.9999998211860657, 0.9999998807907104, 0.9999998807907104, 1.0, 1.0, 1.0, 1.0, 1.0]
[0.9999998807907104, 0.9999966621398926, 1.0, 0.9802845120429993, 1.0, 1.0, 0.9999998211860657, 0.9999690651893616, 1.0, 1.0, 0.9999669194221497, 1.0]
[1.0, 0.991420567035675, 0.9437853693962097, 1.0, 0.9999960660934448, 1.0]
[1.0, 0.9999993443489075, 0.9999998211860657, 1.0, 1.0, 1.0, 0.7776938676834106, 0.9999988675117493, 1.0, 0.9999998807907104, 0.9996472597122192, 1.0]
[0.8181229829788208, 1.0, 0.9999991655349731, 1.0, 0.9999999403953552, 1.0, 0.8228320479393005, 0.9913439154624939, 1.0, 1.0, 1.0]
[1.0, 0.9999971389770508, 1.0, 1.0, 1.0, 1.0, 0.9999726414680481, 0.9996481537818909, 1.0, 1.0, 0.9999486804008484, 0.7153260707855225, 1.0, 1.0]
[0.9999922513961792, 0.9999998807907104, 1.0, 1.0, 1.0, 0.9999189376831055, 0.5118396282196045, 1.0, 1.0, 1.0, 0.8752151727676392, 1.0]
[0.9999960660934448, 1.0, 0.9994478225708008, 1.0, 0.9661192893981934, 0.9999999403953552, 1.0, 1.0, 0.9921539425849915, 1.0, 0.9999992847442627, 1.0, 0.9995070695877075, 1.0, 1.0, 1.0]
[1.0, 1.0, 0.9988193511962891, 1.0, 1.0, 1.0, 1.0, 1.0, 1.0, 0.9999990463256836, 0.9999899864196777, 1.0]
[0.994330644607544, 1.0, 0.9741387963294983, 1.0, 1.0, 1.0, 0.9999999403953552, 0.9797253012657166, 1.0, 0.9999998807907104, 0.9958406090736389, 1.0, 0.9999995231628418, 0.9999993443489075, 1.0]
[0.9999879002571106, 1.0, 1.0, 0.8470370173454285, 0.9999997615814209, 0.9401593208312988, 1.0]
[0.5252307057380676, 1.0, 1.0, 1.0, 0.9999526739120483, 0.9999998807907104, 0.9998587369918823, 1.0, 0.9999992847442627, 0.9665367007255554, 0.7411820292472839, 1.0]
[0.9999971389770508, 0.7122828364372253, 0.9999949336051941, 1.0, 1.0, 0.9999996423721313, 0.7422817945480347, 0.9609339237213135, 1.0]
[0.9996413588523865, 0.9999963045120239, 0.9689175486564636, 1.0, 1.0, 0.9999999403953552, 1.0, 0.9995173811912537, 0.9996657371520996, 0.9994961023330688, 0.9999813437461853, 0.9418735504150391, 0.9999998807907104, 1.0, 1.0]
[0.8700910210609436, 0.9879141449928284, 0.9983788132667542, 0.9592530727386475, 1.0, 0.9872942566871643, 0.9999999403953552, 0.9999997615814209, 0.999999463558197]
[1.0, 0.9999972581863403, 0.9999977350234985, 0.9999991059303284]
[0.9999997615814209, 0.9999339580535889, 1.0, 0.9049636721611023, 0.9999998211860657, 0.9837722182273865, 0.9944738149642944, 1.0, 0.9999999403953552]
[0.9997797012329102, 0.9921822547912598, 1.0, 1.0, 1.0, 1.0, 0.9999996423721313, 0.9996817111968994, 0.9256955981254578, 0.9999933242797852, 1.0, 0.9999914765357971]
[1.0, 1.0, 1.0, 0.9969909191131592, 1.0, 0.9996969699859619, 1.0, 0.9919513463973999, 0.9999832510948181, 0.9757815599441528, 0.9999993443489075, 0.993807315826416, 0.7642979025840759, 1.0, 1.0, 0.9999998807907104]
[1.0, 0.9999998807907104, 1.0, 1.0, 0.9995880126953125, 0.9999940395355225, 0.9985644817352295, 0.9999999403953552, 1.0, 1.0, 1.0, 0.9999999403953552, 0.9999995231628418, 0.917249321937561, 0.6625210642814636, 1.0]
[1.0, 0.999998927116394, 1.0, 0.999998927116394, 0.9999996423721313, 0.6872701048851013, 0.9992033839225769, 1.0, 1.0, 0.5534034371376038]
[1.0, 1.0, 0.9999988675117493, 0.999440610408783, 0.99998939037323, 0.9996125102043152, 0.9998816847801208, 0.9959476590156555, 0.8757652044296265, 1.0, 0.845613420009613, 1.0]
[1.0, 1.0, 1.0, 0.9995434284210205, 1.0, 1.0, 0.9999037981033325, 1.0]
[0.9999991059303284, 1.0, 0.9999997615814209, 0.9993003606796265, 1.0, 0.784561812877655, 0.9442663192749023, 0.9999998211860657, 1.0, 0.9927505254745483]
[1.0, 1.0, 1.0, 1.0, 1.0, 1.0, 0.8758462071418762, 1.0, 0.9996509552001953, 1.0, 1.0, 0.946159303188324, 1.0]
[1.0, 1.0, 0.9552533030509949, 1.0, 0.9429193735122681, 1.0, 0.9995922446250916, 1.0, 0.9999978542327881, 0.9995953440666199, 1.0, 1.0]
[0.9752606749534607, 1.0, 1.0, 0.9999998807907104, 0.9987015724182129, 0.9999911785125732, 0.9999899864196777, 1.0, 1.0, 1.0, 1.0, 0.9974527359008789]
[0.999198317527771, 1.0, 0.9367851614952087, 1.0, 1.0, 1.0, 1.0, 1.0, 0.999993085861206, 1.0, 0.9994332194328308, 0.9999890923500061, 1.0]
[1.0, 0.9998942613601685, 1.0, 1.0, 1.0, 0.9989215135574341, 0.9999864101409912, 1.0, 1.0]
[0.9999988675117493, 1.0, 0.9065505266189575, 0.9999901652336121, 0.9900498390197754, 0.9999723434448242, 0.9999998807907104, 1.0, 0.9999904632568359, 1.0, 1.0, 1.0, 0.9999757409095764, 0.907698929309845, 1.0]
[1.0, 0.994855523109436, 1.0, 1.0, 1.0, 0.9999370574951172, 1.0, 1.0, 0.9999908804893494, 1.0, 1.0, 1.0, 0.9834305047988892, 0.8509576916694641]
[0.9999997615814209, 1.0, 0.999994695186615, 1.0, 1.0, 1.0, 0.9981033205986023, 1.0, 1.0, 1.0, 0.899078369140625, 0.966180145740509]
[0.9751845598220825, 0.9999933242797852, 1.0, 1.0, 1.0, 1.0, 0.9831929206848145, 0.8843719363212585, 1.0, 0.9999467730522156, 1.0, 0.9999976754188538, 0.9997756481170654, 0.9999975562095642, 1.0, 1.0]
[0.9983680844306946, 0.8196278810501099, 0.5579206347465515, 1.0, 0.9921343326568604, 1.0, 0.9999639987945557, 0.7005264163017273, 0.999928891658783, 0.9753085970878601, 1.0, 1.0, 0.977493166923523, 1.0, 1.0]
[1.0, 0.999897837638855, 1.0, 0.9069968461990356, 0.8675521016120911, 1.0, 1.0, 1.0, 1.0, 1.0, 1.0, 0.9984591007232666, 1.0]
[1.0, 1.0, 0.7942726016044617, 0.9999971389770508, 0.9999988675117493, 0.9996930360794067, 1.0, 1.0, 0.9995629191398621, 1.0, 0.9999999403953552, 1.0]
[1.0, 0.9987297058105469, 1.0, 0.9999999403953552, 1.0, 1.0, 1.0]
[0.9924532771110535, 1.0, 1.0, 0.9999998807907104, 0.9999977946281433, 1.0, 1.0]
[1.0, 0.9999995231628418, 0.9999740719795227, 0.9994408488273621, 1.0, 1.0, 1.0, 1.0, 0.9999967813491821, 0.9999983906745911, 1.0, 0.9671961665153503, 0.9999979734420776, 1.0, 1.0]
[1.0, 0.9977255463600159, 0.9877849221229553, 0.9999991059303284, 1.0, 0.9999979734420776, 1.0, 0.9322075247764587, 0.9998728036880493, 1.0, 0.9720402359962463]
[1.0, 1.0, 0.999441385269165, 1.0, 1.0, 0.9999982714653015, 1.0, 1.0]
[0.9999998211860657, 0.999459445476532, 1.0, 1.0, 0.9999491572380066, 0.9181979298591614]
[1.0, 1.0, 1.0, 1.0, 0.9997115731239319, 1.0, 0.9999998807907104, 0.999998927116394, 1.0, 0.9995890855789185, 0.9230379462242126, 1.0, 1.0, 1.0]
[1.0, 0.9999996423721313, 1.0, 1.0, 0.9999998807907104, 0.9999976754188538, 0.8991993069648743, 0.999960720539093, 1.0, 1.0, 1.0, 0.9999985694885254, 1.0]
[0.9999991655349731, 1.0, 1.0, 0.921377420425415, 1.0, 1.0, 0.9999997615814209, 1.0, 0.9999786019325256, 0.999692440032959, 1.0, 0.9999446272850037, 1.0, 1.0, 1.0, 1.0, 0.9999656677246094]
[1.0, 0.988914430141449, 0.5493246912956238, 0.9999994039535522, 0.9999997615814209, 0.9853244423866272, 1.0, 1.0, 0.9995802044868469, 0.9999998211860657, 0.6100265979766846, 0.9134325385093689, 1.0]
[0.9428761005401611, 1.0, 1.0, 0.9999611377716064, 0.9999767541885376, 0.9999074935913086, 0.9919044375419617, 0.9999999403953552, 0.9999499320983887, 1.0]
[0.9999995231628418, 1.0, 1.0, 1.0, 1.0, 1.0, 0.9997907280921936, 0.9995743036270142, 1.0]
[1.0, 0.6097032427787781, 1.0, 0.9999899864196777, 1.0, 1.0, 1.0, 0.8819956183433533]
[0.9998140931129456, 0.9824668169021606, 1.0, 1.0, 1.0, 1.0, 1.0, 1.0, 0.5680601596832275, 1.0, 1.0]
[1.0, 1.0, 1.0, 1.0, 0.9999223947525024, 0.9999999403953552, 1.0, 1.0, 1.0, 0.9999995231628418, 1.0, 1.0, 0.9952241778373718, 0.9999977350234985, 1.0]
[1.0, 1.0, 1.0, 0.8533096313476562, 0.9999514222145081, 0.9999574422836304, 1.0, 0.9990574717521667, 0.9788601994514465, 1.0, 1.0, 0.9992044568061829, 0.9900997281074524, 1.0, 1.0, 1.0, 1.0, 1.0]
[1.0, 0.9996653199195862, 1.0, 1.0, 0.9946165680885315, 0.999956488609314, 0.9973483085632324, 0.981272280216217, 0.9999998807907104, 0.9989163279533386, 0.7556270360946655, 1.0, 1.0, 0.9938586950302124, 0.9999998211860657, 1.0]
[1.0, 0.9999109506607056, 0.9999573230743408, 0.9999999403953552, 0.9999992251396179, 1.0, 1.0, 1.0, 1.0, 1.0, 1.0, 0.9999944567680359, 1.0]
[0.8783207535743713, 0.9999982714653015, 1.0, 1.0, 0.9999999403953552]
[1.0, 1.0, 0.9706300497055054, 0.8287228345870972, 0.706579864025116, 0.9999756217002869, 1.0, 0.9999998211860657, 0.9999998807907104, 0.8792011141777039, 0.9999993443489075, 0.9999997615814209, 0.9999998807907104, 0.9927027821540833]
[1.0, 0.9999440312385559, 0.9998075366020203, 0.9999998211860657, 0.9999998807907104, 0.9823011755943298, 1.0, 0.9999997615814209, 1.0, 0.9831860661506653, 1.0, 1.0, 1.0, 1.0, 1.0, 0.9999997615814209]
[1.0, 1.0, 1.0, 1.0, 1.0, 1.0, 1.0, 0.9998345971107483, 0.9996982216835022, 0.9999241828918457, 1.0, 0.9999983906745911, 0.9968788027763367, 0.9999911785125732, 1.0, 0.9996063113212585, 1.0]
[0.9999997615814209, 0.9999919533729553, 0.9999998211860657, 0.9999999403953552, 0.9999997615814209, 0.9999999403953552, 1.0, 1.0, 0.9149807691574097, 0.9815434813499451]
[0.9999999403953552, 1.0, 1.0, 0.9999999403953552, 0.9999995231628418, 1.0, 0.9999996423721313, 1.0, 1.0]
[0.9999886155128479, 0.9999998807907104, 1.0, 1.0, 1.0, 1.0, 0.8215795159339905, 0.9996524453163147, 0.9965741038322449, 1.0, 1.0]
[0.9999123811721802, 1.0, 0.9996532201766968, 1.0, 0.670111358165741, 0.9999061226844788, 1.0, 1.0, 1.0, 1.0, 1.0, 0.9993533492088318, 1.0, 0.9984109401702881, 0.9999035000801086, 1.0, 1.0]
[1.0, 0.9011072516441345, 1.0, 1.0, 0.9999998807907104, 0.99265456199646, 1.0, 0.9972228407859802, 1.0, 1.0, 0.9999961853027344]
[0.999998152256012, 0.9999966621398926, 1.0, 1.0, 0.9999976754188538, 1.0, 1.0, 1.0, 1.0, 1.0, 1.0]
[0.9957685470581055, 1.0, 0.9999992251396179, 0.9999998211860657, 0.9999718070030212, 1.0, 1.0, 1.0, 1.0, 1.0]
[0.9999996423721313, 1.0, 1.0, 1.0, 0.9947056770324707, 1.0, 0.9612191319465637, 1.0, 1.0, 1.0]
[1.0, 0.9999685287475586, 1.0, 0.782012939453125, 1.0, 1.0, 0.978635311126709, 0.9996469616889954, 1.0, 1.0, 0.9999997615814209, 0.7302144765853882, 0.8850075602531433, 1.0, 0.9678239226341248, 1.0, 1.0]
[1.0, 1.0, 0.9989191889762878, 0.999997079372406, 1.0, 1.0, 0.9999995827674866]
[1.0, 1.0, 1.0, 1.0, 0.8271310329437256, 1.0, 1.0, 0.999451756477356, 0.9999990463256836, 0.9999997615814209, 1.0, 0.999999463558197, 0.9999949336051941]
[0.9949706196784973, 1.0, 0.9999997615814209, 0.9999996423721313, 0.9999523758888245, 0.998904287815094, 1.0, 0.999998152256012, 1.0, 0.9999958276748657, 0.9999635815620422, 0.9615312218666077, 1.0, 1.0, 0.9987124800682068, 0.9995707273483276, 0.9999998807907104]
[0.9901731014251709, 1.0, 0.9999805688858032, 0.9999996423721313, 1.0, 0.9997837543487549, 0.999999463558197, 0.8479630947113037, 1.0, 1.0, 1.0, 1.0]
[0.9999998807907104, 0.995193600654602, 1.0, 1.0, 1.0, 0.9993837475776672, 1.0, 1.0, 0.999792218208313, 1.0, 1.0, 0.9999993443489075, 0.9999999403953552, 1.0, 0.9999996423721313, 1.0, 0.9999991059303284]
[0.6625825762748718, 0.7538669109344482, 0.9998090863227844, 1.0, 1.0, 1.0, 0.9999996423721313, 0.7503243684768677, 0.9999953508377075, 0.9999998807907104, 1.0, 1.0]
[0.9986438155174255, 0.999999463558197, 0.999991238117218, 1.0, 1.0, 1.0, 0.9998645186424255, 1.0, 1.0, 1.0, 1.0, 1.0]
[1.0, 1.0, 0.8895261883735657, 0.9999979734420776, 1.0, 0.9999966621398926, 1.0, 0.9999822378158569, 0.9999992847442627, 1.0, 0.6023668050765991, 1.0]
[0.9999960660934448, 0.9999902844429016, 1.0, 1.0, 1.0, 1.0, 1.0]
[0.9317908883094788, 1.0, 1.0, 1.0, 1.0, 1.0, 1.0, 1.0, 1.0, 1.0, 1.0, 1.0]
[0.9999999403953552, 0.7115294337272644, 1.0, 1.0, 0.9999967813491821, 1.0, 1.0, 1.0, 0.9976115226745605, 1.0]
[1.0, 1.0, 0.9999999403953552, 0.9996459484100342, 0.9999951720237732, 1.0, 0.9999998211860657, 1.0, 1.0, 0.9999998807907104, 1.0, 1.0, 1.0]
[1.0, 1.0, 0.5692551732063293, 1.0, 1.0, 1.0, 1.0, 1.0, 1.0, 0.9999819993972778, 0.9999999403953552, 1.0, 1.0, 0.9999998211860657]
[0.9999999403953552, 0.895228922367096, 0.9999879002571106, 1.0, 1.0]
[0.9999984502792358, 0.9999986886978149, 0.9999985694885254, 0.8356228470802307, 1.0, 1.0, 1.0, 0.9999998807907104, 1.0, 0.9998171925544739, 1.0, 1.0, 0.9903300404548645, 1.0, 1.0, 1.0, 0.9999995827674866]
[0.999993622303009, 0.9988396763801575, 0.9870603680610657, 0.681914210319519, 1.0, 1.0, 0.9902992844581604, 0.9575152397155762, 0.9999536275863647, 0.9999540448188782, 1.0, 1.0]
[1.0, 1.0, 0.9999990463256836, 0.9999920725822449, 1.0, 1.0, 0.9988429546356201, 1.0, 1.0, 0.999243974685669, 0.9999998211860657, 1.0, 1.0, 0.9997309446334839, 0.9998223781585693]
[0.6444371342658997, 0.9787535071372986, 0.9999842047691345, 0.999996542930603, 1.0, 1.0, 1.0, 0.9999500513076782, 0.981706976890564, 1.0, 0.9997262954711914, 0.9991614818572998, 0.7116629481315613, 0.9930165410041809, 1.0]
[0.9999255537986755, 0.9839586615562439, 0.999998927116394, 0.9999980926513672, 1.0, 1.0, 1.0, 1.0, 1.0, 1.0, 0.8757936954498291, 0.9999954700469971, 1.0, 1.0, 1.0, 1.0, 0.999787449836731]
[1.0, 0.9708077907562256, 1.0, 0.6558728218078613, 1.0, 1.0, 1.0, 1.0, 0.9999993443489075]
[0.9999980926513672, 1.0, 0.9999464154243469, 1.0, 0.9684346318244934, 1.0, 0.9999990463256836, 0.9999996423721313, 1.0, 1.0]
[0.9999999403953552, 1.0, 1.0, 1.0, 0.9999999403953552, 1.0, 0.9999997615814209, 1.0, 1.0, 1.0, 1.0]
[1.0, 1.0, 1.0, 1.0, 0.999985933303833, 0.999372124671936, 0.9999890923500061, 0.9994526505470276]
[0.9999942779541016, 0.9999868869781494, 0.9999967813491821, 0.9992700219154358, 0.9905288219451904, 1.0, 1.0, 0.9999879598617554]
[1.0, 1.0, 1.0, 0.9982501268386841, 0.9999997615814209, 0.9985665082931519, 0.9999961853027344]
[0.5246236324310303, 0.8688041567802429, 0.9943906664848328, 1.0, 0.9979208707809448, 1.0, 1.0, 1.0, 1.0, 1.0, 1.0, 1.0, 0.983793318271637, 0.9267666935920715, 1.0]
[1.0, 1.0]
[0.9999998807907104, 1.0, 0.9999479651451111, 0.9905407428741455, 0.9999988675117493, 0.9999996423721313, 0.9964090585708618, 0.99942946434021, 1.0, 0.9999129176139832, 0.9999987483024597]
[0.999567449092865, 1.0, 1.0, 0.9999999403953552, 1.0, 1.0, 0.9999964237213135, 0.9999959468841553, 1.0, 1.0]
[1.0, 1.0, 1.0, 1.0, 0.9976781010627747, 0.9999996423721313, 1.0, 0.9218073487281799, 0.9990250468254089, 0.9999696016311646, 1.0, 0.991925835609436, 1.0, 1.0, 1.0]
[1.0, 0.9999997615814209, 0.9364801049232483, 1.0, 1.0, 1.0, 1.0, 1.0, 0.9240344762802124, 1.0, 1.0, 1.0, 0.9999998211860657, 1.0, 1.0, 0.99986332654953]
[0.9999961853027344, 0.8050674200057983, 1.0, 0.9999913573265076, 0.9999775886535645, 0.9999995827674866, 1.0, 1.0, 1.0, 1.0, 0.9925994873046875, 1.0, 1.0, 1.0]
[1.0, 1.0, 1.0, 0.9992495179176331, 0.9999988675117493, 0.9974566102027893, 0.9999986290931702, 1.0, 1.0, 0.9999992847442627, 1.0, 1.0, 1.0, 1.0, 1.0]
[0.9889358282089233, 0.9999998211860657, 1.0, 1.0, 0.9996263980865479, 0.9998690485954285, 1.0, 0.9887475371360779, 0.9999997615814209, 1.0, 0.9999985694885254, 0.9999995231628418, 0.9999993443489075, 1.0, 1.0]
[1.0, 0.9999266862869263, 1.0, 0.9995002746582031, 0.9999998807907104, 1.0, 1.0, 1.0, 0.9887015223503113, 0.9999811053276062]
[0.5020886659622192, 1.0, 1.0, 0.9999999403953552, 0.9999951124191284, 1.0, 1.0, 1.0, 0.9999585747718811, 1.0, 0.9999966621398926]
[0.9999996423721313, 0.9827475547790527, 1.0, 0.9999700784683228, 1.0, 0.9932596683502197, 0.9999758005142212, 1.0, 1.0, 1.0, 0.9857051968574524]
[1.0, 1.0, 1.0, 1.0, 1.0, 0.9720394611358643, 0.9999993443489075, 0.9997751712799072, 1.0, 1.0, 1.0, 1.0, 0.999998927116394, 1.0]
[1.0, 0.9999496936798096, 1.0, 1.0, 0.9280176758766174, 1.0, 1.0, 1.0, 0.9962679743766785, 0.7733162641525269, 1.0, 1.0, 1.0]
[0.9931796789169312, 0.9999998807907104, 1.0, 0.9999998807907104, 0.9928950071334839, 1.0]
[0.999995231628418, 1.0, 0.578544557094574, 0.9999996423721313, 0.8560938239097595, 0.9997797012329102, 1.0, 1.0, 0.9990249872207642, 0.8873085975646973]
[0.9999992847442627, 1.0, 0.9989791512489319, 0.9999916553497314, 0.9999998807907104, 0.9601403474807739, 1.0, 1.0, 0.9063100218772888, 1.0, 1.0, 0.9999998807907104, 0.9999973177909851, 1.0]
[1.0, 1.0, 1.0, 1.0, 1.0, 1.0, 0.9997972846031189, 0.9999693632125854, 1.0, 0.9999625086784363, 0.6959672570228577, 0.9972596764564514, 1.0, 1.0]
[0.9999803304672241, 0.9999995231628418, 0.9999999403953552, 1.0, 0.9999998211860657, 0.9999560117721558, 1.0, 1.0, 1.0, 1.0, 0.9999988675117493]
[0.9686048626899719, 0.9586928486824036, 0.9998928904533386, 1.0, 1.0, 0.9999516010284424, 1.0, 0.9994565844535828, 0.9993825554847717, 1.0, 1.0, 1.0, 1.0, 0.99267578125, 1.0, 0.9999998807907104]
[0.9961850643157959, 0.9999957084655762, 1.0, 0.9999995231628418, 1.0, 0.9998080134391785, 1.0, 0.9996259808540344, 0.9881719350814819, 1.0, 1.0, 1.0, 1.0, 0.9998248815536499, 1.0, 1.0]
[0.9225836396217346, 1.0, 1.0, 0.9999240636825562, 0.9841505885124207, 0.9999856352806091, 0.7391590476036072, 0.6551072597503662, 0.9999998807907104, 1.0, 1.0, 1.0, 1.0, 0.9998088479042053, 0.9999998807907104, 1.0, 1.0]
[1.0, 1.0, 1.0, 1.0, 1.0, 0.7972249388694763, 1.0, 0.9999998807907104, 0.9999513626098633]
[1.0, 1.0, 0.9978989958763123, 0.9973766207695007, 1.0, 1.0, 1.0, 1.0, 1.0, 0.753865122795105, 1.0, 1.0, 0.9997526407241821, 0.9999904632568359, 1.0]
[0.9914595484733582, 0.9999904632568359, 1.0, 1.0, 1.0, 0.9999859929084778, 1.0, 0.9993113279342651, 0.9996474981307983, 1.0, 1.0, 1.0]
[0.9890621304512024, 0.9999996423721313, 1.0, 1.0, 1.0, 0.8958491086959839, 1.0, 1.0, 1.0, 0.9999979734420776, 1.0, 1.0, 1.0, 1.0]
[0.9999990463256836, 0.9999787211418152, 0.5925318598747253, 0.9999988675117493, 0.9997617602348328, 1.0, 1.0, 1.0, 1.0, 1.0, 1.0, 1.0, 0.9989525079727173, 1.0, 1.0, 1.0, 1.0, 0.9999992251396179]
[0.9999996423721313, 1.0, 1.0]
[1.0, 0.932360827922821, 0.9999998807907104, 0.9999845623970032, 1.0, 0.9359644651412964, 0.7972905039787292, 1.0, 1.0, 0.9999995231628418, 0.9390959143638611, 1.0, 1.0, 1.0, 1.0]
[1.0, 1.0, 0.9999959468841553, 1.0, 0.9999950528144836, 0.9999991059303284, 0.9569218754768372, 0.9999958276748657, 0.9999998807907104, 0.9998965263366699, 1.0, 1.0, 1.0, 0.938744843006134]
[1.0, 1.0, 1.0, 1.0, 1.0, 1.0, 1.0, 1.0, 1.0, 1.0, 1.0, 1.0, 0.9323567152023315]
[1.0, 0.9999998807907104, 0.999998152256012, 1.0, 1.0, 1.0, 1.0, 0.9999999403953552, 1.0, 1.0, 1.0, 0.9899675250053406, 0.9999933242797852]
[0.9976750016212463, 0.8725776076316833, 0.9997692704200745, 1.0, 1.0, 0.9999999403953552, 1.0, 1.0, 1.0, 1.0, 1.0, 1.0, 0.896765947341919, 1.0, 1.0, 1.0]
[1.0, 1.0, 0.9974998235702515, 1.0, 1.0, 0.9999996423721313, 1.0, 0.9999398589134216, 1.0, 1.0]
[1.0, 1.0, 0.9924933314323425, 1.0, 1.0, 0.9999998807907104, 1.0, 1.0]
[0.9999995827674866, 0.9999992847442627, 1.0, 1.0, 1.0, 1.0, 0.9999972581863403, 1.0, 1.0, 1.0]
[0.999287486076355, 0.9999890327453613, 1.0, 1.0, 1.0, 1.0, 1.0, 0.9999996423721313, 0.9999741315841675, 0.9999997615814209, 0.9437060356140137, 1.0]
[0.9999998807907104, 0.9733775854110718, 1.0, 0.839115560054779, 0.9999999403953552, 0.995465874671936, 1.0, 0.9999984502792358, 1.0, 1.0, 0.9995898008346558, 1.0, 1.0, 1.0, 1.0, 1.0]
[1.0, 0.9998384714126587, 1.0, 1.0, 1.0, 1.0, 0.9999991059303284, 1.0]
[1.0, 1.0, 1.0, 1.0, 1.0, 1.0, 0.5035251379013062, 0.9042763710021973, 1.0, 1.0, 0.9999999403953552, 0.947283923625946]
[0.9999998807907104, 0.9836277961730957, 0.639130711555481]
[0.9994681477546692, 1.0, 0.9999990463256836, 0.9999976754188538, 0.9999902844429016, 0.9995777606964111, 1.0, 1.0, 1.0, 0.9975804686546326, 0.9999804496765137, 0.9999998807907104, 1.0, 0.99998939037323, 1.0, 1.0]
[0.9053389430046082, 0.9999873042106628, 1.0, 1.0, 0.9999999403953552, 0.9999966621398926, 0.9999997615814209, 1.0, 0.9999995231628418, 1.0, 0.9999999403953552, 1.0, 1.0, 1.0, 1.0, 1.0, 0.9992556571960449]
[1.0, 1.0, 1.0, 0.9999889135360718, 0.9999997615814209, 1.0, 1.0, 0.9986529350280762, 0.9999992251396179, 0.9932644367218018, 0.9943540692329407, 1.0, 0.9946521520614624, 1.0, 0.8998180031776428, 0.9972531795501709, 1.0, 0.9999999403953552]
[0.9999872446060181, 0.8170910477638245, 1.0, 1.0, 1.0, 1.0, 0.9999999403953552, 1.0, 1.0, 0.9999998211860657, 0.88328617811203, 0.5299913287162781]
[1.0, 0.9995968341827393, 1.0, 1.0, 1.0, 0.9999529123306274, 1.0, 1.0, 0.99998539686203, 0.9999986886978149, 1.0, 1.0, 1.0, 0.9777633547782898, 1.0]
[1.0, 1.0, 0.9999887943267822, 1.0, 1.0, 0.9817028045654297, 1.0, 1.0, 1.0, 0.9999999403953552, 0.9965817332267761, 0.9999913573265076, 1.0, 1.0, 0.9999998211860657, 1.0, 0.999993085861206]
[1.0, 1.0, 1.0, 1.0, 0.8884406685829163, 1.0, 0.9999362826347351, 0.9999988675117493]
[1.0, 1.0, 1.0, 1.0, 1.0, 1.0, 1.0, 1.0, 0.9987744092941284, 0.9999116063117981, 1.0]
[0.8373115658760071, 1.0, 1.0, 1.0, 1.0, 1.0, 1.0, 1.0, 0.999994158744812]
[0.9958364367485046, 0.880436897277832, 0.9903466701507568, 1.0, 1.0, 0.9999996423721313, 0.9999999403953552, 0.9999996423721313, 1.0, 1.0, 0.999999463558197, 0.9999297261238098, 1.0, 0.9999966621398926, 1.0, 0.9997243285179138, 1.0, 1.0]
[1.0, 0.9999325275421143, 1.0, 1.0, 0.5545061230659485, 0.9999842047691345, 0.999998152256012, 0.9998838305473328, 0.9991223812103271, 0.9995404481887817, 0.7159686088562012, 0.9982870221138, 0.9999995231628418]
[1.0, 0.9999996423721313, 1.0, 1.0, 1.0, 0.9647695422172546, 1.0, 0.8535369634628296, 1.0, 1.0, 1.0, 1.0, 1.0, 0.9999995827674866]
[1.0, 1.0, 0.9999997615814209, 0.9999858736991882, 0.957652747631073]
[0.999976396560669, 0.999996542930603, 1.0, 1.0, 0.9999871850013733, 0.999996542930603, 0.9999778270721436, 1.0, 0.9999992251396179]
[1.0, 1.0, 1.0, 0.9997077584266663, 0.9999999403953552, 0.974590003490448, 0.9999998807907104, 1.0, 1.0, 1.0]
[0.9999997615814209, 0.9847182035446167, 0.9988535046577454, 1.0, 1.0, 1.0, 1.0, 0.7546870112419128, 0.9999986886978149, 1.0, 1.0]
[1.0, 0.9724051356315613, 1.0, 1.0, 0.9999978542327881, 0.9999929666519165, 0.9992970824241638, 1.0, 1.0, 0.9557549357414246, 1.0, 1.0, 0.9999998807907104, 0.999994158744812]
[0.9999982714653015, 0.9966309666633606, 1.0, 1.0, 0.9999991655349731, 1.0, 1.0, 0.9997790455818176, 1.0, 0.980580747127533, 0.9999943971633911, 1.0, 1.0, 1.0]
[0.9998664855957031, 0.987521231174469, 1.0, 0.9932073950767517, 1.0, 0.9999998211860657, 1.0, 1.0, 0.6179163455963135, 1.0, 1.0, 0.9981743693351746, 0.9999715089797974, 0.995141327381134]
[1.0, 1.0, 1.0, 1.0, 1.0, 0.9997795224189758, 0.9999996423721313, 1.0, 1.0, 1.0, 1.0]
[0.9998573660850525, 0.9999977946281433, 0.9990973472595215, 1.0, 1.0, 0.9862444400787354, 0.8953710794448853, 1.0, 1.0]
[0.9999825358390808, 1.0, 0.9961141347885132, 1.0, 1.0, 1.0, 1.0, 0.9999983906745911, 1.0, 0.9999740719795227, 1.0, 1.0, 1.0, 1.0, 1.0, 1.0, 0.9017875790596008]
[1.0, 0.6175380349159241, 1.0, 0.9999998807907104, 1.0, 1.0, 1.0, 0.9999995231628418, 0.9981407523155212, 0.9999985694885254, 1.0, 0.9999984502792358, 0.9951364398002625, 0.7764164805412292, 0.9999992847442627, 1.0, 0.9953678846359253]
[1.0, 1.0, 0.9999867081642151, 0.9999987483024597, 1.0, 0.9999999403953552, 0.9997525811195374, 0.9987673759460449, 1.0, 0.8841958045959473]
[1.0, 0.9965079426765442, 0.7732484936714172, 0.9998376965522766, 1.0, 1.0, 1.0, 0.9999982714653015, 1.0, 1.0, 1.0, 0.9999992847442627, 0.9996423721313477, 0.999993085861206]
[1.0, 1.0, 0.999994158744812, 0.9999999403953552, 0.9999375939369202]
[1.0, 1.0, 1.0, 0.6991102695465088, 0.9972894191741943, 1.0, 1.0, 1.0, 0.9255057573318481, 1.0]
[1.0, 1.0, 1.0, 1.0, 0.99880051612854, 1.0, 0.9394468665122986, 1.0, 1.0, 1.0, 1.0, 1.0, 1.0, 1.0]
[1.0, 1.0, 1.0, 1.0, 1.0, 1.0, 1.0, 1.0, 1.0, 1.0, 1.0, 1.0]
[1.0, 0.9999998807907104, 1.0, 0.997526228427887, 1.0, 1.0, 0.9817795753479004, 0.9999999403953552, 1.0, 0.9999995231628418, 0.5823560953140259]
[1.0, 1.0, 0.9861479997634888, 1.0, 0.9956784248352051, 1.0, 1.0, 1.0, 1.0, 1.0, 1.0, 0.722312867641449, 1.0]
[0.9999996423721313, 1.0, 0.9333415031433105, 1.0, 0.9999872446060181, 1.0, 1.0, 1.0, 0.9999998807907104, 0.9999977946281433, 0.9999999403953552, 0.9999998807907104, 1.0, 0.9999998211860657, 1.0, 1.0, 1.0, 0.9915174245834351]
[1.0, 1.0, 0.9829921126365662, 1.0, 0.9999998211860657, 1.0, 1.0, 1.0, 1.0, 1.0, 1.0, 1.0, 0.9999830722808838, 0.8794800639152527, 0.9866480231285095, 1.0, 0.8344863653182983, 1.0]
[0.9635736346244812, 1.0, 0.9989835619926453, 0.9999524354934692, 1.0, 0.9999998807907104, 0.9999812841415405, 1.0, 0.9623333215713501, 0.9999863505363464, 1.0, 0.9999996423721313]
[1.0, 1.0, 1.0, 0.9999998807907104, 1.0, 1.0, 1.0, 0.9999169707298279, 1.0, 1.0]
[1.0, 1.0, 0.9999996423721313, 1.0, 1.0, 1.0, 0.5593319535255432, 0.9991570711135864, 1.0, 0.9996311068534851]
[1.0, 1.0, 1.0, 1.0, 0.9997946619987488, 0.9995841979980469, 1.0, 1.0, 1.0]
[1.0, 1.0, 1.0, 1.0, 1.0, 1.0, 0.9458547234535217]
[0.9999881386756897, 0.9999802708625793, 1.0, 0.9999303817749023, 0.9996303915977478, 1.0, 1.0]
[1.0, 1.0, 0.9999750256538391, 1.0, 1.0, 0.9999945759773254, 1.0, 1.0, 1.0, 0.6365576386451721, 0.9999868869781494, 0.9999973177909851, 1.0, 0.9999937415122986, 1.0]
[1.0, 1.0, 1.0, 0.9929844737052917, 1.0, 0.9537598490715027, 0.9998445510864258, 0.998152494430542, 0.9955940842628479, 1.0, 1.0, 1.0, 0.9999995231628418, 0.9991512894630432, 1.0, 0.9999996423721313]
[1.0, 0.9999998211860657, 0.9999999403953552, 1.0, 0.9584543704986572, 0.9999988675117493, 0.6984134912490845, 0.999987781047821, 0.9937711954116821, 1.0, 1.0, 0.8539597988128662, 1.0, 0.9903630614280701, 1.0]
[0.9987881779670715, 1.0, 0.9999625086784363, 0.9958993196487427, 1.0, 1.0, 1.0, 1.0, 1.0, 0.9999996423721313, 0.9953338503837585, 1.0]
[0.8905898332595825, 0.9999273419380188, 1.0, 1.0, 0.9999999403953552, 0.9999995231628418, 1.0, 0.9958523511886597]
[0.9999988675117493, 0.9999999403953552, 0.9999992847442627, 1.0, 0.9990902543067932, 0.9954128265380859, 1.0, 1.0, 1.0, 0.9999886155128479, 1.0, 1.0, 1.0, 1.0]
[1.0, 1.0, 1.0, 0.9982074499130249, 1.0, 1.0, 0.9504695534706116, 1.0, 1.0, 0.9999914765357971, 0.9945790767669678, 1.0]
[0.9994796514511108, 1.0, 0.9999942779541016, 1.0, 1.0, 0.9734327793121338, 1.0, 1.0, 1.0, 0.999999463558197, 0.9999973177909851, 0.9999997615814209]
[1.0, 1.0, 1.0, 1.0, 1.0, 1.0, 0.9992082118988037, 1.0, 1.0, 1.0, 1.0, 0.9962029457092285, 1.0, 1.0, 0.9269806146621704]
[1.0, 0.9993113279342651, 0.9999945759773254, 0.9999999403953552, 1.0, 0.9999974370002747, 0.9998883008956909, 0.9988085031509399, 1.0, 1.0, 0.9999953508377075, 1.0, 1.0, 1.0, 1.0, 0.9999998807907104, 0.9998844265937805]
[0.9999997615814209, 0.9999924898147583, 1.0, 0.9999998211860657, 0.8780027627944946, 0.9994633793830872, 1.0]
[1.0, 1.0, 0.9510548710823059, 1.0, 1.0, 1.0, 1.0, 0.9999986886978149, 1.0, 1.0, 1.0, 0.9999967813491821, 0.9999975562095642, 1.0]
[1.0, 1.0, 1.0, 1.0, 0.9999999403953552, 0.8003066182136536, 1.0]
[1.0, 0.9999998807907104, 1.0, 1.0, 1.0, 1.0, 0.9999996423721313, 0.9999998211860657, 0.9999992251396179, 1.0, 0.9999995231628418, 1.0]
[1.0, 0.9999029040336609, 1.0, 1.0, 1.0, 1.0, 1.0, 0.9945891499519348]
[1.0, 1.0, 0.9999824166297913, 1.0, 1.0, 1.0, 0.999993085861206, 0.9999998211860657, 0.5352627635002136, 1.0, 1.0, 1.0]
[0.9999998807907104, 0.9999999403953552, 0.8806189298629761, 1.0, 1.0, 0.9999998807907104, 1.0, 1.0, 1.0, 1.0, 1.0, 1.0, 1.0, 0.9999998807907104, 0.9999998807907104, 1.0, 1.0]
[0.9999868273735046, 0.9999870657920837, 1.0, 0.999999463558197, 0.9999711513519287, 1.0, 0.9673101305961609, 0.9989716410636902, 1.0, 1.0, 1.0, 0.9978421330451965]
[1.0, 0.999969482421875, 1.0, 1.0, 0.9999076128005981, 0.9999984502792358, 0.7066361904144287, 1.0, 0.9752171635627747, 0.9999766945838928, 1.0, 0.9999873638153076]
[0.9999940395355225, 0.9999101758003235, 1.0, 1.0, 1.0, 1.0, 0.860005259513855, 1.0, 0.9994295835494995, 1.0]
[1.0, 0.9999910593032837, 1.0, 0.9999966621398926, 0.9870738387107849, 0.9999996423721313, 1.0, 0.8134838342666626, 1.0, 1.0, 1.0]
[0.983214795589447, 1.0, 1.0, 1.0, 0.9994301795959473, 1.0, 1.0, 1.0, 1.0, 0.9999883770942688, 0.9998296499252319, 0.9994052052497864, 1.0, 0.9830432534217834, 1.0, 1.0]
[0.9986467361450195, 1.0, 1.0, 0.9999999403953552, 1.0, 0.9999999403953552, 1.0, 0.9999987483024597, 0.9900343418121338, 1.0]
[1.0, 0.9999980926513672, 0.9999840259552002, 0.9437596201896667, 1.0, 0.9955782294273376, 1.0, 0.9925426840782166, 1.0, 0.9969877600669861, 1.0, 1.0, 0.9459527134895325, 1.0, 0.9995086193084717, 0.9999995231628418]
[1.0, 0.9999721050262451, 1.0, 0.9999999403953552, 1.0, 1.0, 1.0, 1.0, 0.9996460676193237, 0.9255803823471069, 0.9999996423721313, 0.9873611330986023, 1.0, 0.9999994039535522]
[0.9999997615814209, 0.5190927982330322, 0.9952353835105896, 0.9999910593032837, 0.9999997615814209]
[0.9990822672843933, 0.9152954816818237, 1.0, 0.9999887347221375, 0.9998791217803955, 1.0, 1.0, 0.9999998807907104, 0.9999997615814209, 0.9999970197677612, 1.0, 0.9999929070472717, 1.0, 1.0]
[0.9986639618873596, 0.9999895691871643, 1.0, 1.0, 0.9999858140945435, 0.9969493746757507, 1.0]
