0.9999474287033081
0.9896293878555298
0.9954113960266113
0.9551213979721069
0.989853024482727
0.9995810389518738
0.9980968236923218
0.959239661693573
0.9684475064277649
0.9778144955635071
0.9854692816734314
0.9437174797058105
0.9999904632568359
0.9997111558914185
0.9999960660934448
0.9723529815673828
0.9970101118087769
0.9817367792129517
0.9686442017555237
0.9981465339660645
0.9865223169326782
0.9999731779098511
0.9990445971488953
0.9946891069412231
0.96559739112854
0.9997817277908325
0.9663755297660828
0.9840088486671448
0.9999470710754395
0.9596929550170898
0.9972642660140991
0.9856190085411072
0.9982134103775024
0.9999991059303284
0.9822742938995361
0.9999986290931702
0.9755845069885254
0.9650598764419556
0.9905485510826111
0.9971492290496826
0.9907830953598022
0.9999645948410034
0.9996986985206604
0.9987454414367676
0.974689245223999
0.9761291146278381
0.998489260673523
0.9891384243965149
0.9993909001350403
0.9806115627288818
0.9998031258583069
0.9999979138374329
0.9502665400505066
0.9921965003013611
0.9639784097671509
0.985663652420044
0.999991238117218
0.9933267831802368
0.9922720193862915
0.9986867308616638
0.9871464371681213
0.9765110015869141
0.9877766370773315
0.9999980926513672
0.9682230949401855
0.9870765209197998
0.9563185572624207
0.994997501373291
0.9909961819648743
0.999306321144104
0.976137638092041
0.9993213415145874
0.9999768137931824
0.9999929070472717
0.9999785423278809
0.9734585881233215
0.9682793021202087
0.9960781335830688
0.9999223351478577
0.99324631690979
0.9945613741874695
0.9683818817138672
0.9993980526924133
0.9911224842071533
0.9962183237075806
0.981611430644989
0.9992319941520691
0.9998173713684082
0.9763970971107483
0.9983514547348022
0.9892002940177917
0.9814449548721313
0.9665725231170654
0.9796352982521057
0.9489138126373291
0.9973264932632446
0.9999006986618042
0.9962689876556396
0.9695976972579956
0.936063289642334
0.9350544810295105
0.9939393401145935
0.9781034588813782
0.9999985694885254
0.987015962600708
0.9931103587150574
0.9826567769050598
0.973619818687439
0.9239875078201294
0.9763541221618652
0.9999308586120605
0.9720878005027771
0.9862812757492065
0.9914464950561523
0.9976164102554321
0.9950306415557861
0.9998669028282166
0.9869484901428223
0.9877980351448059
0.9886130690574646
0.9901537895202637
0.934751570224762
0.9825311899185181
0.9827937483787537
0.9998185634613037
0.9989216327667236
0.9977736473083496
0.9899661540985107
0.9999299645423889
0.9862677454948425
0.9944526553153992
0.9922427535057068
0.9953504204750061
0.9266616702079773
0.9934576153755188
0.9999294281005859
0.9364610910415649
0.9591218829154968
0.9996762871742249
0.9900244474411011
0.9825787544250488
0.99998939037323
0.9756637811660767
0.9555580019950867
0.9978273510932922
0.9997606873512268
0.989651620388031
0.9999998807907104
0.9834359288215637
0.980426549911499
0.9900891780853271
0.9999993443489075
0.9995738863945007
0.9955924153327942
0.961371123790741
0.9998451471328735
0.9866597652435303
0.9972704648971558
0.9864916801452637
0.9996686577796936
0.9305481910705566
0.9998749494552612
0.9576557874679565
0.9999980926513672
0.9943159818649292
0.9709137082099915
0.9999724626541138
0.9692312479019165
0.9790434241294861
0.9897509217262268
0.9679608345031738
0.99984210729599
0.9538930654525757
0.9917328953742981
0.9585200548171997
0.9968377947807312
1.0
0.9998499751091003
0.9987205862998962
0.9995446801185608
0.9530866742134094
1.0
0.9987488985061646
0.999955952167511
0.9940271377563477
0.9912735819816589
0.9855452179908752
0.9997801780700684
0.9984784126281738
0.9988109469413757
0.9547308683395386
0.9965144395828247
0.9979866743087769
0.9767347574234009
0.9976791143417358
0.9320746660232544
0.9903870224952698
0.9780683517456055
0.999994158744812
0.9949160814285278
0.9989756941795349
0.9588658809661865
0.9774640202522278
0.9832590222358704
0.9991995692253113
0.9917792081832886
0.977290153503418
0.9999998807907104
0.9736464619636536
0.9925392270088196
0.9947966933250427
0.9992276430130005
0.9854242205619812
0.9997439384460449
0.9990617036819458
0.9999996423721313
0.9952463507652283
0.9879717230796814
0.9999796748161316
0.9462571144104004
0.8742527961730957
0.9997864961624146
0.9943869113922119
0.9932212829589844
0.9358630180358887
0.9984865188598633
0.9987209439277649
0.9860469698905945
0.9998805522918701
0.9819229245185852
0.9925704598426819
0.9436325430870056
0.9870219230651855
0.9915277361869812
0.9999926686286926
0.9974297881126404
0.9762052297592163
0.9948173761367798
0.9983559250831604
0.970842719078064
0.9999799132347107
0.9867298603057861
0.9939916133880615
0.9636820554733276
0.988270103931427
0.983516275882721
0.9999862909317017
0.962190568447113
0.9955891370773315
1.0
0.9601510167121887
0.977241575717926
0.9958246350288391
0.9824216961860657
0.9937342405319214
0.9999917149543762
0.9558119773864746
0.9999310374259949
0.992264986038208
0.9999327659606934
0.9757670760154724
0.9962178468704224
0.9663299322128296
0.9991652965545654
0.9857961535453796
0.9996064305305481
0.9952706098556519
0.9977419376373291
0.9948261976242065
0.9998752474784851
0.9824941158294678
0.996503472328186
0.9714723825454712
0.9999998807907104
0.9993115067481995
0.9612698554992676
0.9929776191711426
0.9970057010650635
0.9734744429588318
0.9859338998794556
0.9818677306175232
0.997806966304779
0.9988679885864258
0.9921444654464722
0.9937542676925659
0.9028636813163757
0.9938739538192749
0.9993698596954346
