[1.0, 1.0, 1.0, 1.0, 0.9999998807907104, 0.9998096227645874, 0.9999999403953552, 1.0, 1.0, 1.0, 1.0]
[0.9999996423721313, 0.9999086260795593, 1.0, 1.0, 0.6870700120925903, 0.9721104502677917, 1.0, 1.0, 0.9998577237129211, 1.0]
[0.9999979734420776, 1.0, 0.9999998807907104, 1.0, 0.6760305166244507, 0.999995231628418, 1.0, 1.0, 0.9997690916061401, 1.0, 1.0, 1.0]
[0.9999998807907104, 0.9958952069282532, 1.0, 0.9999999403953552, 1.0, 0.9999816417694092, 0.9997876286506653, 0.8609210252761841, 0.9999944567680359, 0.9999995231628418, 0.9999975562095642, 0.9999937415122986]
[1.0, 0.8530730605125427, 0.9996793270111084, 0.5178079009056091, 1.0, 1.0, 1.0, 1.0, 0.9779968857765198, 0.9997886419296265, 1.0, 0.6573057770729065, 0.9999992847442627, 0.9879944920539856]
[0.9999973177909851, 0.999998927116394, 1.0, 0.9996017813682556, 1.0, 1.0, 0.9999998807907104, 1.0, 1.0, 0.9999997615814209, 0.9982477426528931]
[0.9999998211860657, 0.999991238117218, 0.5292708873748779, 1.0, 0.9999942779541016, 1.0, 0.9857820272445679, 1.0, 0.9999991655349731, 0.9999988675117493]
[0.9995588064193726, 1.0, 0.9977253079414368, 0.9996941089630127, 0.999991774559021, 0.6258987188339233, 0.9999870657920837, 0.9999998807907104, 0.9997328519821167, 0.99873286485672, 1.0, 0.9999999403953552, 1.0, 1.0, 1.0, 1.0]
[0.9995162487030029, 1.0, 0.9999139308929443, 0.9999046921730042, 0.9999984502792358, 1.0, 1.0, 1.0, 0.9999892115592957, 0.9908846020698547, 0.9999990463256836, 0.9993464350700378, 0.9890137314796448, 0.9999920725822449, 1.0]
[1.0, 0.9999998807907104, 0.9999977350234985, 1.0, 0.9999940395355225, 0.9306074976921082, 1.0, 1.0, 0.9999999403953552, 0.9993518590927124, 0.9999993443489075, 0.9991867542266846, 1.0, 1.0, 1.0]
[0.9999998807907104, 0.9945204257965088, 1.0, 1.0, 0.9999998807907104, 0.9999998807907104, 0.9999988675117493, 1.0, 0.9999973177909851, 0.9999759197235107, 1.0, 0.9999960660934448]
[0.6902076005935669, 0.9999991059303284, 0.9999134540557861, 1.0, 1.0, 0.9982245564460754, 1.0, 0.9999961853027344, 0.9999998807907104, 1.0, 0.9999963045120239, 0.9999975562095642, 1.0, 1.0]
[0.9999999403953552, 0.9999986886978149, 1.0, 1.0, 0.7117983102798462, 0.9999999403953552]
[0.9940926432609558, 1.0, 1.0, 0.9999999403953552, 1.0, 1.0, 0.9999667406082153, 0.9999868869781494, 0.9835941791534424, 1.0, 0.9999427795410156, 0.9999999403953552]
[1.0, 1.0, 0.9999999403953552, 0.9998347759246826, 1.0, 0.9999923706054688, 0.9982396960258484, 0.9991202354431152, 0.9999996423721313, 0.9999935030937195, 1.0, 1.0, 0.9998791217803955, 1.0, 1.0, 1.0, 1.0]
[1.0, 1.0, 1.0, 1.0, 0.9999993443489075, 0.9999995827674866, 1.0, 1.0, 1.0, 1.0, 1.0, 1.0, 1.0, 1.0, 1.0]
[1.0, 0.9997298717498779, 0.8549683094024658, 0.9882462620735168, 0.9784445762634277, 1.0, 1.0, 1.0, 0.9999995231628418, 0.9999929070472717, 1.0, 1.0, 0.9999996423721313, 0.9999920725822449, 0.9999997615814209, 0.9999512434005737]
[1.0, 1.0, 0.9999996423721313, 0.9999873042106628, 0.9999999403953552, 0.9997016787528992, 1.0, 0.9997026920318604, 1.0, 0.9999995231628418, 1.0]
[0.9999945759773254, 0.9999985694885254, 1.0, 0.9999995231628418, 1.0, 1.0, 0.9999899864196777, 0.9999966621398926, 0.9999991059303284, 0.999991774559021, 1.0, 1.0]
[1.0, 1.0, 0.9999857544898987, 1.0, 0.9999926686286926, 0.9999954700469971, 0.9999327659606934, 0.9999966621398926, 0.9959321022033691, 0.9844187498092651, 1.0, 1.0, 0.999994158744812, 0.9998564124107361]
[0.9999996423721313, 1.0, 0.9999986886978149, 1.0, 1.0, 0.9999998211860657, 0.9999998807907104, 0.9436537623405457, 0.9999120831489563]
[0.999996542930603, 0.5022676587104797, 0.9999998807907104, 1.0, 1.0, 0.9999609589576721, 1.0, 0.999998927116394, 0.9842450618743896, 0.9999646544456482, 1.0, 0.9999998807907104]
[0.9999996423721313, 1.0, 0.9999932050704956, 0.9999998211860657, 0.9998453855514526, 0.999902606010437, 0.9998631477355957]
[0.8124396204948425, 0.9999895095825195, 0.9999539852142334, 1.0, 0.9945305585861206, 0.8496720194816589, 0.9999890923500061, 1.0, 1.0]
[1.0, 1.0, 0.9999996423721313, 0.9999862313270569, 1.0, 0.8109893202781677, 0.9999632835388184, 0.9999986290931702, 1.0, 1.0, 0.8586782217025757, 0.9708850979804993, 0.9995614290237427, 1.0, 0.9968460202217102]
[1.0, 0.9999998807907104, 0.9999950528144836, 1.0, 0.9999410510063171]
[0.9999997615814209, 1.0, 1.0, 0.9999998211860657, 0.9985691905021667, 1.0, 0.9999881982803345, 0.9999998807907104, 0.9999945759773254, 1.0, 0.9999819397926331]
[1.0, 1.0, 0.9999999403953552, 1.0, 1.0, 1.0, 1.0, 0.9999992847442627, 0.9895035624504089, 1.0]
[1.0, 0.9991880059242249, 1.0, 1.0, 1.0, 0.9914358854293823, 1.0, 0.9999747276306152, 0.9987339377403259, 0.9999964237213135, 0.9999998211860657, 1.0, 0.9999995231628418, 0.9999960660934448, 0.999998927116394]
[1.0, 1.0, 0.999998152256012, 1.0, 0.9587442278862, 0.9999998807907104, 1.0, 0.9999504685401917]
[0.9999996423721313, 1.0, 0.9999986886978149, 1.0, 0.9999997615814209, 1.0, 0.9999998211860657, 0.7475532293319702, 1.0, 0.9909255504608154, 1.0, 1.0, 0.9718426465988159, 1.0, 0.8754091858863831]
[0.9497043490409851, 1.0, 1.0, 0.9999998211860657, 0.9723308086395264, 0.9969833493232727, 0.9996761679649353, 1.0, 0.9999695420265198, 1.0, 1.0, 1.0, 1.0, 0.9997114539146423, 1.0, 1.0, 0.959671676158905, 0.9915432333946228, 0.9999969005584717]
[0.9999995231628418, 0.9999997615814209, 0.9999986886978149, 1.0, 1.0, 1.0, 0.9999998807907104, 0.9999823570251465, 1.0, 0.9999595880508423, 0.9999990463256836]
[0.9999980926513672, 0.9999995827674866, 0.9999853372573853, 1.0, 1.0, 0.9986177682876587, 0.9999996423721313, 0.9906228184700012, 0.9999997615814209, 1.0, 1.0, 0.9999980926513672, 1.0, 0.9999985694885254]
[1.0, 0.9998239874839783, 0.8187570571899414, 1.0, 0.9999998807907104, 0.999998152256012, 0.9999998807907104, 0.9999998807907104, 0.9997974634170532, 0.7095885872840881, 1.0, 0.9999765157699585, 0.9999988675117493, 0.9999512434005737, 1.0]
[1.0, 1.0, 0.9999998807907104, 1.0, 1.0, 1.0, 0.9999990463256836, 1.0, 1.0, 1.0, 1.0, 1.0, 0.9999998211860657, 1.0]
[0.9994551539421082, 1.0, 1.0, 0.9999999403953552, 0.9295432567596436, 0.9999998807907104, 0.7034994959831238, 0.9977630376815796, 1.0, 0.9999862313270569, 0.999993085861206, 1.0, 1.0, 0.5870354175567627, 1.0, 1.0]
[1.0, 0.9999718070030212, 0.9304377436637878, 0.9998059868812561, 0.9999937415122986, 1.0, 0.9831987619400024, 1.0, 1.0, 1.0, 1.0, 1.0, 0.9133097529411316]
[1.0, 1.0, 1.0, 0.9999151825904846, 0.9999984502792358]
[0.9999990463256836, 1.0, 1.0, 0.9999958276748657, 1.0, 0.5451456308364868]
[1.0, 1.0, 0.9999997615814209, 1.0, 1.0, 0.9998411536216736, 1.0, 1.0, 0.9999926686286926, 0.9990112781524658, 0.9999998807907104, 1.0, 1.0, 1.0, 0.9974285960197449, 0.9999976754188538, 0.9999999403953552, 0.9999990463256836]
[0.8438608050346375, 0.999991774559021, 0.6924115419387817, 0.9999999403953552, 1.0, 0.999996542930603, 0.9999738335609436, 0.999993085861206, 1.0, 1.0, 0.9997829794883728, 1.0, 1.0, 1.0, 0.9999945759773254]
[0.9904272556304932, 1.0, 0.9999986290931702, 1.0, 0.9999895095825195, 0.9999814033508301, 0.7558723092079163, 1.0, 0.9999999403953552, 1.0, 0.9999988675117493, 0.9996749758720398, 0.9999973177909851, 0.9999244809150696]
[1.0, 1.0, 0.9870403409004211, 1.0, 1.0, 0.9999616146087646, 0.9999998211860657, 1.0, 0.9999996423721313, 1.0]
[0.99940425157547, 1.0, 0.994705319404602, 1.0, 0.9999848008155823, 0.9989129900932312, 1.0, 0.9999120831489563, 1.0, 0.9924464225769043, 0.9999997615814209, 1.0, 1.0, 0.9999943971633911]
[0.9597575068473816, 0.9999892711639404, 1.0, 1.0, 0.9999995231628418, 0.9999996423721313, 0.9999949336051941, 1.0, 1.0, 1.0, 1.0, 1.0, 0.9982376098632812, 1.0, 1.0, 0.992867648601532, 1.0, 0.9999840259552002]
[0.9999999403953552, 0.9999997615814209, 0.9999997615814209, 0.9999998807907104, 1.0, 0.9992271661758423, 0.999998152256012, 1.0, 0.9999868869781494, 0.9999510645866394]
[0.9987503290176392, 1.0, 0.9981623888015747, 1.0, 1.0, 1.0, 0.9911803603172302, 1.0, 1.0, 0.9999961853027344]
[0.9999920725822449, 1.0, 0.9999998211860657, 0.9999997615814209, 0.9999999403953552, 1.0, 0.9997284412384033, 0.9985021948814392, 0.999993622303009, 0.6069368720054626, 0.9999819993972778, 0.6717349290847778, 0.9999969005584717, 1.0, 1.0]
[1.0, 0.9935352802276611, 1.0, 0.9999999403953552, 0.9931730628013611, 1.0, 1.0, 0.9999675750732422, 0.9999997615814209, 1.0, 0.9960014224052429, 0.9999793767929077, 1.0, 1.0]
[1.0, 0.9734371304512024, 1.0, 1.0, 1.0, 1.0, 1.0, 0.9999997615814209, 1.0]
[0.9724975228309631, 0.7072099447250366]
[1.0, 1.0, 0.9866153001785278, 0.9980419874191284, 1.0, 0.9999997615814209, 0.9999996423721313, 0.9999998211860657, 1.0, 1.0, 1.0, 0.9999995827674866, 1.0]
[1.0, 0.8957456946372986, 1.0, 0.9999999403953552, 1.0, 0.9999996423721313, 0.9720180630683899, 0.9997967481613159, 1.0, 1.0, 0.9993494749069214, 1.0, 1.0, 0.9423283934593201, 1.0, 1.0]
[1.0, 0.9999988675117493, 0.7302457094192505, 1.0, 0.9999999403953552, 0.9999998807907104, 1.0, 1.0, 1.0, 1.0, 1.0, 1.0, 0.9999991059303284, 0.9999973177909851, 0.9999938607215881, 0.9999999403953552, 1.0]
[0.9998646974563599, 1.0, 1.0, 1.0, 1.0, 0.9732731580734253, 0.9999991655349731, 0.9999980926513672, 0.9999759197235107]
[0.9999996423721313, 0.9999999403953552, 0.9999996423721313, 1.0, 1.0, 0.9999986886978149, 0.9970673322677612, 0.9999990463256836, 0.930457353591919, 1.0, 0.999604344367981, 1.0, 0.9999887347221375, 0.9986286163330078, 0.9999994039535522, 1.0, 0.9999999403953552]
[1.0, 0.9995101094245911, 0.9999995231628418, 1.0, 1.0, 0.9994228482246399, 0.9999999403953552, 0.9999619126319885, 0.9999998807907104, 1.0, 1.0]
[1.0, 0.9993460178375244, 1.0, 1.0, 0.9999933242797852, 1.0, 0.6847731471061707, 0.9999996423721313, 1.0, 1.0, 1.0, 1.0, 0.9999935030937195, 1.0, 0.9995920062065125, 0.9998165369033813, 0.9999643564224243, 1.0]
[0.9935705661773682, 0.9999953508377075, 0.9968820810317993, 0.9999979734420776, 1.0, 0.9999969005584717, 1.0, 1.0, 0.9999969005584717, 0.9989920258522034, 0.9999997615814209, 0.9999771118164062, 0.9999421238899231, 0.998641312122345, 0.8368864059448242, 0.9972013235092163]
[0.9999998807907104, 0.9999604821205139, 1.0, 0.9999935030937195, 0.9999986290931702, 1.0, 1.0, 1.0, 1.0, 1.0, 1.0, 0.9999998807907104, 0.9999953508377075, 1.0]
[0.9999999403953552, 1.0, 0.9999971985816956, 0.9999999403953552, 0.9999996423721313, 1.0, 0.9999997615814209, 0.9999998211860657, 0.9999297261238098, 0.6313029527664185, 0.9999591708183289, 1.0, 1.0, 0.9995063543319702, 1.0]
[0.9814659357070923, 0.9986423850059509, 0.9999388456344604, 0.9999999403953552, 0.999186635017395, 0.9999997615814209, 0.8626631498336792, 0.9831811189651489, 1.0, 1.0, 1.0, 0.9999858140945435, 0.9999985694885254, 0.7265105843544006, 1.0]
[1.0, 1.0, 1.0, 0.9999995231628418, 1.0, 1.0, 0.9245190620422363, 0.999993085861206, 0.9999923706054688, 1.0, 0.9999998211860657, 0.9998905062675476, 0.9999895691871643, 1.0, 0.9999993443489075, 1.0, 0.9999999403953552, 0.5385220050811768]
[1.0, 0.9999969005584717, 1.0, 1.0, 1.0, 0.9999964237213135, 0.9920893311500549, 0.9999998211860657, 1.0]
[1.0, 0.9999999403953552, 0.9999910593032837, 0.9999996423721313, 1.0, 0.9999982118606567, 0.621388852596283, 1.0, 1.0, 1.0, 0.9999823570251465, 0.9999937415122986, 0.9999999403953552, 0.9999999403953552]
[1.0, 1.0, 0.9999997615814209, 1.0, 1.0, 1.0, 1.0, 1.0, 1.0, 0.9999654293060303, 0.9999997615814209, 0.9999998807907104, 0.5444191098213196, 1.0, 1.0]
[0.9999998807907104, 1.0, 1.0, 1.0, 1.0, 0.9999048113822937, 0.9999999403953552, 1.0, 0.9999998211860657, 1.0, 1.0, 1.0, 0.9999998211860657]
[1.0, 0.9999995231628418, 0.9894682168960571, 0.9517629742622375, 0.9999971985816956, 1.0, 1.0, 0.9496217966079712, 1.0, 1.0, 1.0, 0.9999997615814209, 0.9999998807907104, 1.0, 1.0, 0.9996674060821533, 0.7904240489006042, 0.8831819295883179]
[1.0, 1.0, 0.999996542930603, 1.0, 1.0, 1.0, 1.0, 0.9553826451301575, 1.0, 1.0, 1.0, 1.0, 1.0, 1.0, 1.0, 0.9950110912322998, 1.0, 1.0, 1.0, 1.0, 1.0]
[0.9999198913574219, 0.9999967813491821, 0.9157314300537109, 0.9991214275360107, 1.0, 1.0, 0.9999265074729919, 0.6566381454467773, 0.9999950528144836, 1.0, 1.0, 1.0, 0.9999987483024597, 1.0, 1.0, 1.0, 0.999911367893219, 1.0]
[1.0, 0.9999999403953552, 1.0, 0.9998504519462585, 0.9968987703323364, 0.9997988939285278, 0.9999760985374451, 1.0, 1.0, 0.9999999403953552, 0.9999996423721313, 1.0, 1.0, 0.9999998211860657, 1.0, 1.0]
[0.9999951124191284, 0.9999963045120239, 0.9285457730293274, 1.0, 1.0, 1.0, 1.0, 0.9999998807907104, 0.9991116523742676]
[1.0, 1.0, 0.9999873042106628, 0.9999776482582092, 0.9998889565467834, 1.0, 1.0, 1.0, 1.0, 0.6277545690536499, 1.0, 1.0, 1.0, 0.9613847732543945, 0.9995769262313843, 1.0]
[0.8803884983062744, 1.0, 1.0, 0.9999645948410034, 1.0, 1.0, 1.0, 1.0, 0.9991105794906616, 1.0, 1.0, 0.999999463558197, 1.0]
[0.9999778270721436, 1.0, 1.0, 1.0, 0.9999927878379822, 1.0, 1.0, 1.0, 1.0, 1.0, 0.9999996423721313, 1.0]
[0.9999998807907104, 0.9999116063117981, 0.9307651519775391, 0.9999991059303284, 1.0, 1.0, 1.0, 1.0, 0.9999998211860657, 1.0, 1.0, 0.9995635151863098, 0.9999996423721313, 1.0, 1.0, 0.9999883770942688, 0.9999993443489075]
[1.0, 1.0, 0.9999998807907104, 0.8556259274482727, 0.9999996423721313, 0.9999982714653015]
[1.0, 1.0, 0.9999216198921204, 0.9894150495529175, 0.9999997615814209, 0.6524612903594971, 1.0, 1.0, 1.0, 0.9999101758003235, 1.0, 0.9996622204780579, 1.0, 1.0, 1.0]
[0.8962559103965759, 1.0, 0.998935341835022, 0.999998927116394, 1.0, 0.9999910593032837, 0.9999998807907104, 1.0, 1.0, 1.0, 0.9999929070472717, 0.9999995827674866, 1.0]
[1.0, 1.0, 0.9999964237213135, 1.0, 1.0, 0.9999993443489075, 1.0, 0.9124743938446045, 1.0, 1.0, 1.0, 0.9999999403953552, 0.964219331741333, 0.9999539256095886, 0.9999809265136719, 1.0, 1.0, 0.9999998807907104, 1.0]
[0.9958037734031677, 0.9999999403953552, 0.999996542930603, 0.6154701113700867, 0.9999889135360718, 0.9999999403953552, 1.0, 1.0, 1.0, 0.999923825263977, 0.9999512434005737, 0.9996850490570068, 0.9973562955856323, 0.9999899864196777, 1.0, 0.9999996423721313]
[1.0, 1.0, 1.0, 1.0, 1.0, 0.9999932050704956, 1.0, 1.0, 1.0, 0.9999966621398926, 0.9917397499084473, 1.0, 1.0]
[1.0, 0.9999964237213135, 0.999998927116394, 0.994333803653717, 1.0, 1.0, 1.0, 0.9999998807907104, 0.9995419383049011, 1.0, 1.0, 1.0, 1.0, 0.9980745911598206, 0.9995513558387756, 1.0, 0.9966031312942505, 1.0]
[1.0, 0.9999964237213135, 0.9999999403953552, 0.9999992847442627, 0.8332789540290833, 1.0, 1.0, 1.0, 1.0, 1.0, 0.9514299035072327, 1.0, 0.9999990463256836, 0.9965651631355286, 0.9999999403953552]
[1.0, 1.0, 1.0, 0.9999998807907104, 0.9999999403953552, 1.0, 0.9999999403953552, 1.0, 1.0, 0.9999996423721313, 1.0, 0.9912147521972656, 0.9999515414237976, 1.0, 0.9999969601631165, 1.0, 0.999998927116394, 0.9999991655349731, 1.0]
[1.0, 0.9996343851089478, 0.9996189475059509, 0.9999831318855286, 1.0, 1.0, 0.9999998211860657, 1.0, 1.0, 1.0, 0.9999996423721313, 0.999998152256012, 1.0, 1.0]
[0.9999998807907104, 0.9999999403953552, 0.9998621940612793, 0.999348521232605, 1.0, 1.0, 1.0, 1.0, 0.9999733567237854, 1.0, 1.0, 0.9999752640724182]
[0.9999998211860657, 0.9999996423721313, 0.9998821020126343, 1.0, 0.9999998807907104, 0.999993085861206, 0.9999998211860657, 0.9999971389770508, 0.9999988675117493, 1.0, 1.0, 1.0, 1.0, 0.9999784231185913, 1.0, 1.0]
[0.9995275139808655, 1.0, 0.9999980926513672, 0.9999573230743408, 1.0, 1.0, 0.9999996423721313, 0.9999932050704956, 1.0, 1.0, 1.0, 1.0, 1.0, 0.9999991059303284]
[0.8949244022369385, 0.9999988675117493, 0.9999977350234985, 0.9999998807907104, 1.0, 0.9999850392341614, 0.9998248815536499, 1.0]
[1.0, 0.9999991059303284, 0.9999992847442627, 0.9999772906303406, 1.0, 1.0, 1.0, 0.9998694062232971, 1.0, 0.9999983906745911, 1.0]
[0.9999940395355225, 0.9996463656425476, 1.0, 1.0, 0.9999998807907104, 0.9999929070472717, 1.0, 1.0, 0.9999998807907104, 1.0, 1.0, 0.9999998211860657, 1.0, 1.0, 0.9999911785125732, 0.9999991059303284, 0.9999937415122986, 1.0]
[1.0, 0.9999963045120239, 1.0, 0.9999801516532898, 1.0, 1.0, 0.9999987483024597, 1.0, 1.0, 0.9999999403953552, 1.0, 0.9999999403953552, 0.9999998807907104, 1.0, 0.9999988675117493, 1.0, 0.9999991655349731, 0.9999999403953552, 0.9999991059303284]
[0.9999971985816956, 0.9992527365684509, 1.0, 1.0, 0.8346810340881348, 0.84276282787323, 0.9999998807907104, 0.9996106624603271, 1.0, 1.0, 0.9999717473983765, 0.9876167178153992, 1.0, 1.0, 1.0, 0.9985010623931885, 1.0, 1.0]
[1.0, 1.0, 0.9999015927314758, 0.9999999403953552, 0.9999933242797852, 1.0, 1.0, 0.9997323751449585, 0.9954873919487, 0.9999919533729553, 1.0, 1.0, 1.0, 1.0, 0.9999990463256836, 1.0, 1.0, 0.9999999403953552]
[1.0, 0.9999971985816956, 0.9999969005584717, 0.9999999403953552, 1.0, 0.9999976754188538, 0.9999984502792358, 1.0, 1.0, 1.0, 0.999998152256012, 1.0, 0.9999996423721313, 1.0, 0.9999992251396179, 0.9999980926513672, 0.9999996423721313, 0.9999998807907104]
[0.9999957084655762, 0.9993825554847717, 0.9999203681945801, 0.9999999403953552, 1.0, 0.9999996423721313, 1.0, 0.9999998807907104, 1.0, 1.0, 1.0, 1.0, 0.9999364018440247, 1.0]
[0.9999635219573975, 1.0, 0.9999999403953552, 1.0, 1.0, 1.0, 0.9999994039535522, 1.0, 0.9999983906745911, 1.0, 1.0, 1.0, 1.0, 0.9999996423721313, 1.0]
[1.0, 1.0, 0.9999999403953552, 1.0, 0.9949805736541748, 0.9998729228973389, 0.9999999403953552, 1.0, 1.0, 1.0, 1.0, 1.0, 0.9759015440940857, 0.9988051652908325, 0.9999955892562866, 0.9996986985206604, 1.0, 1.0]
[1.0, 0.9952411651611328, 1.0, 1.0, 1.0, 0.99978107213974, 0.8957024812698364, 1.0, 0.9999998807907104, 1.0, 1.0, 1.0, 1.0, 1.0]
[1.0, 1.0, 0.9527977108955383, 1.0, 1.0, 1.0, 1.0, 1.0, 0.9999903440475464, 1.0, 1.0, 1.0, 1.0, 1.0, 0.9999999403953552, 0.999904990196228]
[1.0, 1.0, 0.999997079372406, 1.0, 0.9999949336051941, 0.9999997615814209, 1.0, 0.9999940395355225, 1.0, 1.0, 1.0, 1.0, 0.9999945759773254]
[0.999998927116394, 0.9999993443489075, 0.9999970197677612, 0.9999382495880127, 0.983765184879303, 1.0, 1.0]
[1.0, 1.0, 0.9999974370002747, 1.0, 0.9999991655349731, 1.0, 0.9996429085731506, 0.9999998807907104, 0.9999992847442627, 1.0, 1.0, 1.0, 1.0, 1.0, 1.0, 1.0, 1.0]
[1.0, 0.9999992847442627, 0.9999949336051941, 1.0, 0.9999999403953552, 1.0, 1.0, 1.0, 1.0, 0.9999999403953552, 1.0, 0.9999701976776123, 1.0, 1.0, 1.0]
[1.0, 1.0, 1.0, 0.9998283386230469, 1.0, 0.9990472793579102, 1.0, 1.0, 1.0, 1.0, 1.0, 1.0, 1.0, 1.0]
[0.9516204595565796, 1.0, 0.9558050632476807, 1.0, 0.9999999403953552, 0.9999932050704956, 0.9999996423721313, 1.0, 0.999998152256012, 0.9999958276748657, 1.0, 0.9999999403953552, 1.0]
[0.5831877589225769, 1.0, 1.0, 1.0, 1.0, 0.9999998211860657, 0.9999999403953552, 1.0, 0.9999877214431763, 0.9999987483024597, 1.0, 0.9999998807907104, 1.0, 1.0, 1.0, 0.9999998211860657]
[1.0, 0.9999954700469971, 0.9711517095565796, 0.9999997615814209, 0.9985847473144531, 1.0, 1.0, 0.9993823766708374, 1.0, 1.0, 1.0]
[1.0, 1.0, 1.0, 1.0, 1.0, 0.99997878074646, 1.0, 1.0, 1.0, 1.0, 0.9999855756759644, 1.0, 1.0, 1.0, 1.0, 0.9999993443489075]
[1.0, 0.9999901652336121, 0.9999760389328003, 0.9998331665992737, 0.9999978542327881, 1.0, 0.9999803304672241, 1.0, 1.0, 1.0]
[0.9999817609786987, 1.0, 0.9896758198738098, 1.0, 1.0, 1.0, 1.0, 0.5222312808036804, 0.9679991602897644, 1.0, 0.9805843234062195, 1.0, 0.995593249797821, 1.0, 0.9878921508789062, 1.0, 0.9910407662391663, 0.9999998211860657]
[1.0, 1.0, 1.0, 0.9974836707115173, 1.0, 1.0, 1.0, 1.0, 0.9999998807907104, 1.0, 0.9849188327789307, 0.99998539686203]
[0.9995676875114441, 0.9999967813491821, 1.0, 0.9999999403953552, 0.9999999403953552, 0.9996787905693054, 1.0, 1.0, 1.0, 0.9999235272407532, 0.9999998807907104, 1.0, 1.0, 1.0]
[1.0, 0.993884801864624, 0.9999998211860657, 1.0, 0.999991774559021, 1.0, 1.0, 1.0, 1.0, 0.9999967813491821, 0.9999963045120239, 0.999998927116394, 1.0, 1.0, 0.9999984502792358, 1.0, 1.0, 1.0]
[0.9999998807907104, 1.0, 0.7146271467208862, 0.9999393820762634]
[1.0, 1.0, 1.0, 0.9999997615814209, 1.0, 1.0, 1.0, 1.0, 0.9999856352806091, 0.9999489188194275, 0.9999984502792358, 0.9509274959564209, 1.0, 0.9999997615814209]
[1.0, 1.0, 0.999998152256012, 0.9999858140945435, 0.9999916553497314, 0.9999999403953552, 0.9999993443489075, 1.0, 0.9999951720237732, 1.0, 1.0, 0.9999671578407288, 1.0, 0.7886821627616882]
[1.0, 0.9999984502792358, 1.0, 1.0, 1.0, 1.0, 1.0, 0.9536007642745972, 1.0, 0.9999998807907104, 1.0, 0.9999953508377075, 1.0, 0.9999923706054688, 1.0, 1.0, 1.0, 0.99996018409729]
[0.963890016078949, 1.0, 1.0, 0.9923688173294067, 0.9999998807907104, 1.0, 0.9999221563339233, 0.9999988675117493, 1.0, 0.9999996423721313, 1.0, 1.0, 0.9999996423721313, 0.9999997615814209]
[1.0, 1.0, 1.0, 1.0, 1.0, 1.0, 1.0, 0.924885094165802, 0.9999954700469971, 1.0, 0.9999999403953552]
[1.0, 0.9999991059303284, 1.0, 1.0, 1.0, 1.0, 1.0, 1.0, 1.0, 1.0, 1.0, 0.8601405620574951, 1.0, 1.0, 1.0, 0.999998927116394]
[1.0, 1.0, 1.0, 1.0, 1.0, 1.0, 0.9999831318855286, 0.9996616840362549, 0.7783503532409668, 1.0, 1.0, 1.0, 0.9998059868812561, 0.9999996423721313, 1.0]
[0.9999998807907104, 1.0, 1.0, 1.0, 1.0, 1.0, 0.9999999403953552, 0.9999997615814209, 1.0, 0.999998152256012, 1.0, 0.9999998807907104, 1.0, 0.9999945759773254]
[1.0, 1.0, 0.9991790652275085, 1.0, 0.9999998807907104, 1.0, 1.0, 0.9999963045120239, 1.0, 1.0]
[0.9999977946281433, 1.0, 1.0, 1.0, 1.0, 0.9995223879814148, 1.0, 1.0, 1.0, 0.9995685815811157, 1.0, 1.0, 0.8599894642829895, 0.9999982118606567, 1.0, 1.0, 0.9999975562095642]
[1.0, 1.0, 1.0, 1.0, 0.9999993443489075, 0.9999171495437622, 1.0, 1.0, 0.9999966621398926, 1.0]
[1.0, 0.9999884366989136, 0.999991238117218, 1.0, 0.8262239098548889, 0.92909175157547, 1.0, 1.0, 1.0, 0.5744079947471619, 0.9999994039535522]
[0.9999982118606567, 0.9999999403953552, 1.0, 1.0, 1.0]
[1.0, 1.0, 1.0, 1.0, 0.9999996423721313, 0.9966913461685181, 1.0, 1.0, 1.0, 0.9947966933250427, 0.9999998807907104, 1.0, 1.0, 1.0, 0.9999988675117493]
[0.9999999403953552, 0.9956784248352051, 1.0, 0.9999799132347107, 0.9516251683235168, 1.0, 1.0, 1.0, 1.0, 0.9999998807907104, 0.9999978542327881, 1.0, 0.9999996423721313, 1.0, 0.9999998807907104]
[1.0, 0.8660711646080017, 0.9999925494194031, 1.0, 0.9999986886978149, 1.0, 0.9389100074768066, 1.0, 0.9998786449432373, 1.0, 1.0, 1.0, 0.9999388456344604, 1.0]
[1.0, 1.0, 0.9999999403953552, 0.9865005016326904, 0.9999370574951172, 0.9999986290931702, 1.0, 0.9945996999740601, 0.9999983906745911, 0.9999992251396179, 0.9751618504524231, 1.0]
[1.0, 0.9999999403953552, 0.9999984502792358, 0.9999679923057556, 1.0, 0.9994927644729614, 1.0, 0.9999999403953552, 0.99998539686203, 1.0, 1.0]
[0.915497899055481, 0.9999998807907104, 1.0, 1.0, 0.9999871253967285, 0.9998540878295898, 0.9911466836929321, 0.9999558329582214, 1.0, 1.0, 1.0, 1.0, 1.0, 1.0]
[0.9999998211860657, 0.9999998807907104, 1.0, 1.0, 1.0, 1.0, 0.9999999403953552, 1.0, 0.9999998211860657, 1.0, 1.0]
[1.0, 0.9970085620880127, 0.999994158744812, 0.781015157699585, 1.0, 1.0, 0.9999988675117493, 1.0, 0.9999964237213135, 0.999991774559021, 0.9059585332870483, 1.0, 0.9995946884155273]
[0.9999984502792358, 1.0, 0.9999998807907104, 0.9941640496253967, 1.0, 1.0, 0.9999996423721313, 0.9999949336051941, 1.0, 0.9218357801437378, 1.0, 1.0, 1.0]
[1.0, 0.999907910823822, 0.8591619729995728, 1.0, 0.9999976754188538, 0.9999999403953552, 1.0, 0.9999951124191284, 0.999759316444397, 1.0]
[1.0, 1.0, 1.0, 1.0, 0.9999915361404419, 0.9310544729232788, 0.9088647365570068, 1.0, 0.9999991059303284, 0.9999999403953552, 1.0]
[0.9997550249099731, 0.9999896883964539, 1.0, 0.9999992251396179, 1.0, 0.999995231628418, 1.0, 1.0, 1.0]
[1.0, 1.0, 0.9907660484313965, 0.6146725416183472, 0.9990601539611816, 1.0]
[1.0, 0.9999656677246094, 1.0, 1.0, 1.0, 1.0, 1.0, 0.9999999403953552, 1.0]
[1.0, 1.0, 1.0, 1.0, 1.0, 1.0, 1.0, 0.9999919533729553, 1.0, 1.0, 1.0]
[0.9999995231628418, 1.0, 1.0, 0.9999997615814209, 1.0, 0.999996542930603, 0.999976396560669, 1.0, 1.0, 0.999477207660675, 1.0, 0.9999932050704956, 1.0, 1.0, 1.0, 0.999406635761261, 1.0]
[1.0, 0.9999999403953552, 0.999996542930603, 1.0, 1.0, 0.9983483552932739, 1.0]
[1.0, 0.9999929666519165, 1.0, 0.9972426295280457, 0.9856137037277222, 1.0, 1.0, 1.0, 1.0, 0.9643590450286865]
[1.0, 0.9950461983680725, 0.9930156469345093, 0.9995522499084473, 1.0, 1.0, 1.0, 1.0, 1.0, 1.0, 1.0, 0.9999991655349731]
[1.0, 1.0, 0.9999991059303284, 0.9999999403953552, 0.9999993443489075, 0.9998722672462463, 1.0, 0.973338782787323, 1.0, 1.0, 0.9111037850379944, 0.9994063973426819]
[1.0, 0.9986903071403503, 1.0, 0.9998371601104736, 0.999925971031189, 1.0, 1.0, 1.0, 1.0, 0.9999998807907104]
[0.9978943467140198, 1.0, 1.0, 1.0, 0.9999998807907104, 0.5861213803291321, 0.9997380971908569, 1.0, 1.0, 1.0, 0.9999976754188538]
[1.0, 1.0, 0.999991774559021, 1.0, 1.0, 1.0, 1.0, 0.9999781847000122, 0.9999585747718811, 0.9999907612800598, 1.0]
[1.0, 0.9988940358161926, 0.9999848008155823, 0.9993405938148499, 1.0, 0.9947907328605652, 1.0, 0.9892734289169312, 0.9999669194221497, 1.0, 1.0, 1.0, 1.0, 0.9999998211860657]
[1.0, 1.0, 1.0, 0.9823962450027466, 0.9999999403953552, 1.0, 1.0, 0.999998927116394, 1.0, 0.9999634623527527, 0.999998927116394, 1.0, 1.0, 1.0]
[1.0, 1.0, 1.0]
[0.9999998211860657, 0.9999996423721313, 1.0, 1.0, 0.705545961856842, 1.0, 0.7882660031318665, 1.0, 1.0, 1.0, 0.5838581919670105, 0.9997414946556091]
[1.0, 0.9999999403953552, 1.0, 0.9999884963035583, 0.6460618376731873, 0.9999991059303284, 1.0, 1.0, 0.7822225093841553, 0.9999035000801086, 1.0, 0.9999987483024597, 1.0, 0.9956629276275635, 0.9999999403953552, 1.0]
[1.0, 0.9996337294578552, 0.9999880194664001, 0.9999974370002747, 1.0, 0.9999995231628418, 1.0, 1.0, 0.9651655554771423, 1.0]
[1.0, 0.965913712978363, 0.999993622303009, 1.0, 0.9819357395172119, 0.9999992847442627, 0.9999991059303284, 1.0, 0.9998918175697327, 1.0, 0.9999998807907104, 1.0]
[1.0, 0.9999331831932068, 1.0, 1.0, 0.6999754309654236, 0.9998466372489929, 0.9999554753303528, 0.9999999403953552, 1.0, 0.999839723110199, 1.0, 0.9999996423721313, 1.0]
[1.0, 1.0, 1.0, 1.0, 0.9999999403953552, 1.0, 1.0, 0.9999538064002991, 1.0, 1.0, 0.9999090433120728, 1.0]
[1.0, 0.9999766945838928, 1.0, 0.999998927116394, 0.9494324922561646, 1.0, 1.0, 1.0, 1.0, 0.9978878498077393, 1.0, 0.9847865104675293, 1.0, 1.0, 1.0, 1.0]
[0.8070406913757324, 0.9999998211860657, 1.0, 1.0, 0.8122798800468445, 0.7124093174934387, 0.9999977946281433, 1.0, 1.0, 1.0, 1.0, 0.9965530037879944, 0.6288589239120483]
[1.0, 1.0, 0.9991759061813354, 0.9999992847442627, 1.0, 1.0, 0.9999999403953552, 0.9997397065162659, 1.0, 1.0, 0.9999998807907104]
[0.9999999403953552, 0.9999229907989502, 1.0, 1.0, 0.9999996423721313, 1.0, 0.5052745342254639, 1.0, 1.0, 0.9999728798866272, 0.9577712416648865, 1.0, 1.0, 1.0, 0.9999994039535522, 1.0]
[0.9995474219322205, 0.9999569654464722, 0.9999975562095642, 0.9999998211860657, 1.0, 0.9999995231628418, 1.0, 0.9999950528144836, 0.9999932050704956, 1.0]
[1.0, 0.9999967813491821, 1.0, 1.0, 1.0, 0.9999954104423523, 1.0, 0.7868862748146057, 1.0, 0.9999940395355225, 0.9985195994377136, 0.9576418995857239, 1.0]
[1.0, 1.0, 0.9812394380569458, 1.0, 1.0]
[1.0, 1.0, 0.9957406520843506, 1.0, 1.0, 1.0, 0.9999990463256836, 0.999969482421875, 0.9972022771835327, 0.9639008045196533, 0.9999996423721313, 0.9999992847442627, 0.983368992805481, 1.0, 0.9726814031600952, 1.0, 0.8737063407897949]
[0.9999902844429016, 1.0, 1.0, 0.6143296360969543, 1.0, 1.0, 0.9999993443489075, 1.0, 1.0, 1.0]
[0.9990411996841431, 0.9999999403953552, 1.0, 0.9999987483024597, 0.9999901652336121, 0.9999924898147583, 1.0, 1.0, 1.0, 0.9999998211860657, 1.0, 1.0]
[1.0, 0.9999703764915466, 1.0, 1.0, 0.999984085559845, 1.0, 1.0, 0.999998927116394, 0.9999996423721313, 0.9999988675117493, 1.0, 0.998365581035614]
[0.9999298453330994, 1.0, 0.9999247789382935, 0.6584048867225647, 1.0, 1.0, 0.9999995231628418, 1.0, 1.0, 0.9999077320098877, 0.9998887777328491, 1.0, 0.998953640460968, 1.0]
[0.9999998211860657, 1.0, 0.9877592921257019, 0.9999779462814331, 1.0, 1.0, 1.0, 1.0, 1.0, 0.9997637271881104, 0.9998394846916199, 0.9999472498893738, 0.9358618259429932]
[0.9999997615814209, 0.9996866583824158, 0.9995574355125427, 0.9153094291687012, 0.9999970197677612, 1.0, 0.9999996423721313, 0.9893477559089661, 1.0, 0.9999985694885254]
[1.0, 1.0, 0.9998759627342224, 0.9919201731681824, 1.0, 1.0, 0.9999272227287292, 1.0, 1.0, 1.0, 1.0, 0.999957799911499, 0.5485877990722656, 0.999941885471344]
[0.9959028959274292, 0.9999678730964661, 0.9999973177909851, 1.0, 0.999998927116394, 1.0, 1.0, 0.9995260834693909, 0.9999857544898987, 0.8582900762557983]
[0.9999985098838806, 0.9999998211860657, 0.9999976754188538, 1.0, 1.0, 1.0, 1.0, 0.9999991059303284, 1.0, 0.9992122054100037, 1.0, 1.0, 1.0]
[1.0, 0.9999998211860657, 0.999832034111023, 1.0, 0.9999783039093018, 1.0, 1.0, 1.0, 1.0, 1.0, 0.9903474450111389, 1.0, 1.0, 0.9999815225601196, 0.9645633697509766]
[0.9999998211860657, 0.9999858140945435, 0.999979555606842, 0.8396536111831665, 1.0, 0.9999997615814209, 1.0, 0.9957367181777954, 0.9999400973320007, 1.0, 0.9974806904792786, 1.0, 1.0, 1.0, 1.0]
[0.9999784827232361, 1.0, 1.0, 1.0, 1.0]
[0.9999966621398926, 1.0, 0.9999998211860657, 0.9994170665740967, 1.0, 1.0, 1.0, 0.999999463558197, 0.6676686406135559]
[0.9999963045120239, 1.0, 1.0, 1.0, 0.9997400045394897, 1.0, 0.9999999403953552, 1.0, 1.0, 1.0, 1.0, 0.9673147201538086, 0.9999999403953552, 1.0, 0.9999963045120239, 1.0]
[0.9999996423721313, 1.0, 1.0, 0.9999977350234985, 1.0, 0.999999463558197, 1.0, 0.9941360950469971, 1.0, 1.0, 0.9999853372573853, 1.0]
[1.0, 0.9994939565658569, 0.9996545314788818, 0.9981216192245483, 0.999994695186615, 1.0, 0.9994102716445923, 1.0, 0.9999772310256958, 1.0, 0.792178213596344, 1.0]
[0.9999704957008362, 1.0, 0.9999143481254578, 0.9999983906745911, 0.9999905824661255, 0.9999630451202393, 0.9999998807907104, 1.0, 1.0, 1.0]
[1.0, 1.0, 0.6610080599784851, 0.9999999403953552, 1.0, 0.9998643398284912, 1.0, 1.0, 1.0, 0.9999999403953552, 1.0, 1.0, 1.0, 0.9999998211860657, 1.0, 0.999873697757721]
[0.9998046159744263, 0.9999036192893982, 1.0, 1.0, 1.0, 1.0, 0.9999998807907104, 1.0, 0.9999999403953552, 1.0, 0.9999996423721313, 1.0]
[0.688619077205658, 0.9999999403953552, 1.0, 1.0, 0.9999995231628418, 1.0, 0.9999998211860657, 1.0, 0.9999998807907104, 1.0, 0.9991915822029114, 1.0, 1.0, 1.0, 0.9596923589706421]
[1.0, 1.0, 1.0, 1.0, 0.9999999403953552, 0.9999993443489075, 1.0, 0.9999996423721313]
[1.0, 1.0, 1.0, 0.9999895691871643, 1.0, 0.7015810608863831, 1.0, 1.0, 0.99993896484375, 1.0, 1.0, 0.9997351169586182]
[0.9438257813453674, 1.0, 1.0, 0.9243237972259521, 1.0, 1.0, 1.0, 1.0, 0.9999340772628784, 0.9999090433120728, 0.9997403025627136, 1.0, 1.0, 0.9988920092582703]
[1.0, 1.0, 0.9999868869781494, 1.0, 0.9998542070388794, 0.9999907612800598, 1.0, 0.9999983906745911, 1.0, 0.9999268054962158, 1.0, 1.0, 0.9999978542327881, 0.9999998807907104, 1.0, 1.0, 1.0, 1.0, 0.9650111198425293]
[1.0, 1.0, 1.0, 0.9979755282402039, 1.0, 1.0, 0.9970776438713074]
[0.9985756874084473, 1.0, 1.0, 0.999009907245636, 0.9999999403953552, 1.0, 0.9999630451202393, 1.0]
[0.9999937415122986, 0.9999987483024597, 1.0, 1.0, 1.0, 0.9999999403953552, 1.0, 0.9738272428512573, 0.9999990463256836, 0.9999899864196777, 1.0, 0.9989742636680603, 0.992068886756897, 1.0, 1.0, 1.0]
[1.0, 0.9999992847442627, 1.0, 1.0, 1.0, 1.0, 1.0, 1.0, 0.9999990463256836, 1.0, 1.0, 1.0, 0.99810391664505]
[1.0, 0.9999983906745911, 1.0, 0.9999993443489075, 0.9998725652694702, 1.0, 0.9999998211860657, 0.9847336411476135, 1.0, 0.999999463558197, 1.0]
[1.0, 0.9999953508377075, 0.9998770952224731, 0.9999861717224121, 0.999999463558197, 1.0, 1.0, 1.0, 1.0, 0.9999998807907104, 1.0, 1.0, 1.0, 0.9999980926513672]
[0.9999926686286926, 1.0, 1.0, 1.0, 1.0, 1.0, 1.0, 0.9998245239257812, 0.9973835945129395, 0.9999487996101379, 0.9999856352806091, 1.0]
[0.9843097925186157, 1.0, 0.9315762519836426, 1.0, 0.9287055134773254, 0.9999996423721313, 0.9992659687995911, 0.9999979734420776, 1.0, 1.0, 1.0, 1.0, 0.9995476603507996, 1.0, 1.0, 0.9999991655349731, 0.9997220635414124]
[1.0, 0.9997736811637878, 1.0, 1.0, 1.0, 0.996514618396759, 1.0, 0.9430634379386902, 0.9999995231628418, 0.9979007244110107, 1.0, 1.0, 1.0]
[0.9881065487861633, 0.9999999403953552, 0.9999450445175171, 1.0, 1.0, 1.0, 1.0, 0.939858615398407, 1.0, 0.9999987483024597]
[0.9999960660934448, 0.9999949336051941, 0.9999998211860657, 1.0, 1.0, 1.0, 1.0, 1.0, 1.0, 1.0, 1.0, 1.0, 0.9999975562095642, 0.9999996423721313, 1.0, 1.0, 1.0, 0.9938570261001587]
[0.9999994039535522, 0.999997079372406, 0.9996088147163391, 0.9999949336051941, 0.9999998807907104, 0.9994035363197327, 1.0, 1.0]
[0.9999890923500061, 0.9999966621398926, 0.9996671080589294, 1.0, 1.0, 0.9999994039535522, 0.9999907612800598, 0.9999997615814209, 0.9999998807907104, 1.0, 0.9999999403953552, 0.8240299820899963, 0.9999997615814209]
[1.0, 1.0, 0.9997429251670837, 0.8913337588310242, 1.0]
[0.9999945759773254, 0.9999659657478333, 1.0, 1.0, 0.9999217391014099, 1.0, 0.9999998807907104, 1.0, 1.0, 0.9999977350234985, 1.0, 1.0, 1.0, 1.0, 0.9999955892562866]
[1.0, 0.9999990463256836, 1.0, 1.0, 0.9998148679733276, 1.0, 1.0, 1.0, 0.999988853931427, 1.0]
[1.0, 0.9995394349098206, 1.0, 1.0, 0.9956302046775818, 1.0, 0.9999994039535522, 1.0, 0.9998745322227478, 1.0, 1.0, 1.0, 0.9999996423721313, 1.0]
[1.0, 0.9914556741714478, 0.9999998211860657, 1.0, 1.0, 0.9999997615814209, 1.0, 0.9997881054878235, 1.0, 0.9954554438591003, 1.0, 1.0, 0.9993879795074463, 0.7641211152076721, 0.9999999403953552, 1.0]
[0.9933707118034363, 1.0, 0.8851059079170227, 0.9825669527053833, 0.9808951616287231, 1.0, 1.0, 1.0, 1.0, 0.9999985694885254, 0.8359001278877258, 1.0, 1.0, 0.9994356036186218, 0.9978173971176147, 1.0, 1.0, 1.0]
[1.0, 1.0, 0.9797559380531311, 1.0, 0.9962676167488098, 0.9999922513961792, 1.0, 1.0, 1.0, 1.0, 0.9999975562095642, 0.9969067573547363, 1.0, 0.9999933242797852, 1.0, 0.9999997615814209]
[0.8763017058372498, 1.0, 0.9953744411468506, 1.0, 0.9999999403953552, 1.0, 1.0, 0.9999608397483826, 1.0, 0.9993306398391724, 1.0, 1.0]
[0.9704505205154419, 1.0, 0.9668773412704468, 1.0, 0.9999999403953552, 0.6881719827651978, 0.9998142123222351, 1.0, 1.0, 0.9999998211860657, 1.0, 1.0, 1.0, 0.9999926090240479, 0.9999870657920837, 1.0, 0.9999721050262451]
[1.0, 1.0, 1.0, 1.0, 1.0, 0.9999954700469971, 1.0, 1.0, 0.8742391467094421, 1.0]
[1.0, 0.998337984085083, 0.9081791043281555, 1.0, 1.0, 0.9947850704193115, 1.0, 1.0, 0.9999920725822449, 0.9990502595901489, 0.9999824166297913]
[0.9556742310523987, 0.994940459728241, 1.0, 0.9182084798812866, 1.0, 1.0, 1.0, 0.9999996423721313, 0.9991490840911865, 0.9970781803131104, 1.0, 1.0]
[1.0, 1.0, 1.0, 1.0, 0.9995700120925903, 0.9998270273208618, 0.5593743920326233, 1.0, 1.0, 0.9999986886978149, 1.0, 0.9999986886978149, 0.9999969005584717, 0.8991435170173645]
[0.798372209072113, 1.0, 1.0, 1.0, 0.9935802221298218, 1.0, 0.999824583530426, 1.0]
[0.9988367557525635, 1.0, 0.9999999403953552, 1.0, 0.6988380551338196, 0.9999996423721313, 0.992955207824707, 0.9588942527770996, 0.9917012453079224, 1.0, 1.0, 1.0, 1.0, 0.9998711347579956]
[0.9974018931388855, 0.9517079591751099, 0.5007583498954773, 0.9999970197677612, 1.0, 0.9999879598617554, 1.0, 1.0, 0.9947399497032166, 0.9999996423721313, 1.0, 0.9990392923355103, 1.0, 1.0, 0.8730347752571106, 0.9999998211860657, 0.9999797940254211, 1.0, 0.9999999403953552]
[1.0, 1.0, 0.9999987483024597, 1.0, 0.8988483548164368, 1.0, 1.0, 0.9999985694885254, 1.0, 1.0, 0.9113865494728088, 0.5857795476913452, 1.0, 0.9838400483131409, 1.0, 1.0, 1.0, 0.9949250221252441]
[0.9869747757911682, 0.9999860525131226, 0.9999842643737793, 0.7407732605934143, 0.9999232292175293, 0.9999943971633911, 1.0, 1.0, 0.9976517558097839, 1.0, 0.996710479259491]
[1.0, 0.999632716178894, 1.0, 1.0, 1.0, 0.9999998807907104, 0.5374014377593994, 0.9425694942474365, 1.0, 1.0, 1.0, 0.9996129274368286, 0.9999986886978149]
[1.0, 1.0, 0.8894681334495544, 1.0, 0.6127113699913025, 0.9999993443489075, 0.9600445032119751, 0.9999999403953552, 1.0, 0.8155592083930969, 1.0, 1.0, 0.9996349811553955, 1.0, 1.0, 1.0, 0.9999591112136841, 0.9863000512123108]
[0.9877548813819885, 0.9997373819351196, 0.999998927116394, 1.0, 1.0, 1.0, 1.0, 0.9997127056121826, 1.0, 1.0, 1.0, 0.9999963045120239, 0.9696868062019348, 1.0, 1.0, 1.0]
[0.9621277451515198, 0.8668426275253296, 1.0, 0.9990081191062927, 0.9999520778656006, 0.5869717001914978, 1.0, 0.815526008605957, 1.0, 1.0, 1.0, 0.9999391436576843, 1.0, 1.0, 1.0, 0.9436799883842468, 1.0, 0.9999990463256836, 1.0]
[1.0, 0.9999992251396179, 0.9999955892562866, 0.9999967813491821, 1.0, 1.0, 1.0, 1.0, 0.9999920725822449, 1.0, 0.8198650479316711]
[0.9999997615814209, 1.0, 1.0, 1.0, 1.0, 0.9999970197677612, 0.9902809262275696, 1.0, 1.0, 0.9999998807907104, 0.8642072081565857]
[0.9806151390075684, 0.9999648928642273, 1.0, 0.9958499670028687, 1.0, 1.0, 0.9995495080947876, 1.0, 1.0, 0.7204284071922302, 0.9999143481254578, 0.9999982714653015, 1.0]
[0.9221950173377991, 1.0, 1.0, 1.0, 0.9999916553497314, 1.0, 0.9411901831626892, 1.0, 1.0, 1.0, 1.0, 0.744536280632019, 1.0, 1.0]
[0.9999980926513672, 1.0, 0.9999765157699585, 0.9999762177467346, 0.9753550291061401, 0.9344438910484314]
[0.999981164932251, 1.0, 1.0, 0.9999998211860657, 0.9647180438041687, 0.9753710627555847, 0.9999999403953552, 1.0, 1.0, 1.0]
[1.0, 0.5163247585296631, 1.0, 1.0, 1.0, 1.0, 1.0, 1.0, 1.0, 1.0, 1.0, 1.0]
[0.999839186668396, 0.9974119663238525, 1.0, 0.923163115978241, 1.0, 1.0, 1.0, 0.9962171316146851, 0.6533162593841553, 1.0, 0.9999687075614929, 1.0, 0.9977474808692932, 1.0, 0.8582930564880371]
[1.0, 1.0, 1.0, 0.999994695186615, 0.9991443753242493, 1.0, 1.0, 1.0, 0.994454562664032, 0.5501365661621094, 0.9999998807907104, 1.0, 0.7600587606430054, 0.9995288252830505]
[0.9844969511032104, 1.0, 1.0, 1.0, 1.0, 1.0, 1.0, 1.0, 1.0, 0.8168086409568787, 1.0, 0.9999999403953552]
[1.0, 1.0, 1.0, 0.9997487664222717, 1.0, 1.0, 0.9687590003013611, 1.0, 0.9979792237281799, 1.0, 0.6390953660011292, 0.7117741703987122, 1.0, 1.0, 0.9912226796150208, 0.9999992847442627, 0.9999997615814209]
[0.9999998211860657, 0.9999924898147583, 0.9999993443489075, 1.0, 1.0, 1.0, 0.999942421913147, 1.0, 1.0, 1.0, 0.9999999403953552, 1.0, 1.0, 0.9996455907821655]
[1.0, 0.9999957084655762, 0.9999991059303284, 1.0, 1.0, 1.0, 1.0, 1.0, 0.9995766878128052, 1.0, 1.0, 0.9999999403953552]
[1.0, 0.9999998807907104, 1.0, 0.9999992847442627, 0.9831929802894592, 0.9998607039451599, 1.0, 1.0, 1.0, 1.0, 0.9993669390678406, 1.0, 0.9999996423721313, 1.0, 0.9822058081626892]
[0.9999999403953552, 0.9999985694885254, 1.0, 1.0, 1.0, 1.0, 0.9999974370002747, 0.5799763202667236, 0.5146128535270691, 1.0, 0.9999848008155823, 0.9988976716995239, 0.9999058246612549]
[0.7716714143753052, 0.9999998807907104, 1.0, 1.0, 1.0, 0.9997454881668091, 0.9999999403953552, 1.0, 0.9765827059745789, 1.0, 1.0, 1.0]
[0.999586820602417, 1.0, 1.0, 1.0, 0.9999980926513672, 1.0, 1.0, 0.9921075701713562, 0.9751191139221191]
[0.9999996423721313, 1.0, 0.9999996423721313, 0.9099202752113342, 1.0, 1.0, 1.0]
[1.0, 1.0, 1.0, 1.0, 0.999241054058075, 0.9981079697608948, 0.988890528678894, 1.0, 0.9999892115592957, 0.9970433115959167, 0.9995757341384888, 1.0, 1.0]
[0.9748567938804626, 1.0, 1.0, 0.9999998211860657, 1.0, 1.0, 0.9999973177909851, 0.969968855381012, 1.0, 0.9999998807907104, 0.9999995231628418, 1.0, 0.9999717473983765, 0.9999959468841553, 0.9999999403953552, 1.0]
[1.0, 1.0, 1.0, 1.0, 1.0, 0.9999957084655762, 1.0, 0.9930968284606934, 1.0, 1.0, 0.9999414086341858, 1.0, 0.9993959665298462, 0.9999827146530151, 1.0, 1.0, 0.9999955892562866, 1.0]
[1.0, 1.0, 0.8310086131095886, 0.9999830722808838, 0.9999961853027344, 0.9991578459739685, 1.0]
[1.0, 0.9999768733978271, 1.0, 0.9998131394386292, 1.0, 1.0, 0.9999998211860657, 0.9996537566184998]
[1.0, 1.0, 0.955416202545166, 0.9924536943435669, 0.9999186992645264, 1.0, 1.0, 0.5277867317199707, 1.0, 1.0, 0.9999993443489075, 1.0, 1.0, 0.9952995181083679, 0.9999862909317017, 1.0]
[0.999965250492096, 1.0, 1.0, 0.9956486225128174, 0.9988064169883728, 1.0, 1.0, 1.0, 1.0, 1.0, 0.9999997615814209, 1.0, 0.9999746084213257, 0.9977839589118958, 1.0, 0.9999984502792358, 0.999999463558197, 1.0]
[1.0, 0.9995641112327576, 0.9999998807907104, 1.0, 0.9999992847442627, 1.0, 0.9999991655349731, 1.0, 1.0, 1.0, 0.8860251307487488, 0.9999999403953552, 1.0, 0.8266918063163757, 1.0, 0.8581379652023315]
[1.0, 0.9999998211860657, 0.9999998211860657, 1.0, 0.999994695186615, 1.0, 1.0, 1.0, 1.0, 1.0, 1.0]
[1.0, 1.0, 1.0, 1.0, 1.0, 1.0, 1.0, 1.0, 1.0, 1.0, 1.0, 1.0, 0.9999852180480957, 1.0, 0.9999997615814209, 1.0]
[0.9760799407958984, 0.9999986886978149, 1.0, 1.0, 1.0, 1.0, 1.0, 1.0, 0.7103784680366516, 1.0, 1.0, 0.9999999403953552, 0.9999998211860657]
[0.9684518575668335, 1.0, 1.0, 0.9996652007102966, 1.0, 0.9752311706542969, 1.0, 1.0, 0.9999951124191284, 1.0, 1.0]
[0.9863458275794983, 0.99998539686203, 1.0, 1.0, 0.9999999403953552, 1.0, 1.0]
[0.8695677518844604, 1.0, 1.0, 0.9989742040634155, 1.0, 1.0, 1.0, 0.9999978542327881, 0.9131462574005127, 1.0, 0.9997729659080505, 0.9860228896141052, 1.0, 1.0, 1.0]
[0.9999999403953552, 1.0, 1.0, 1.0, 1.0, 0.9999976754188538, 1.0, 1.0, 1.0, 1.0, 1.0, 0.9992667436599731, 1.0, 1.0, 0.9999901652336121, 1.0, 1.0, 1.0]
[1.0, 1.0, 1.0, 0.9594644904136658, 0.8677308559417725, 1.0, 0.997783899307251, 0.9999076128005981, 1.0, 1.0, 1.0, 0.99954754114151, 0.9988420605659485, 0.9994388818740845]
[0.9999797344207764, 0.9998759031295776, 1.0, 0.8859612345695496, 0.8911592364311218, 1.0, 1.0]
[1.0, 1.0, 1.0, 1.0, 0.9999998807907104, 1.0, 1.0, 1.0, 1.0, 1.0]
[0.9999990463256836, 1.0, 0.9917513728141785, 1.0, 1.0, 1.0, 1.0, 1.0, 1.0, 1.0, 1.0, 1.0]
[1.0, 0.9999996423721313, 1.0, 1.0, 1.0, 1.0, 1.0, 1.0, 0.9999998211860657, 1.0, 1.0, 0.9999199509620667, 1.0, 1.0, 1.0]
[0.9999959468841553, 1.0, 0.997987687587738, 1.0, 1.0, 1.0, 1.0, 0.9999999403953552, 1.0, 1.0]
[0.9999999403953552, 1.0, 1.0, 0.8021779656410217, 1.0, 1.0, 0.9997251033782959, 1.0, 0.9999925494194031, 0.9999976754188538]
[1.0, 1.0, 0.9287872910499573, 1.0, 0.9999996423721313, 1.0, 1.0, 1.0]
[0.9999911785125732, 0.9999704360961914, 0.9995641112327576, 1.0, 0.9862461090087891, 0.999998152256012, 0.999996542930603, 0.9174573421478271, 1.0, 0.9999969005584717, 1.0]
[1.0, 0.9996483325958252, 1.0, 0.9999588131904602, 0.8033275604248047, 1.0, 1.0, 0.9966652393341064, 1.0, 1.0, 1.0, 0.9860255122184753, 1.0]
[1.0, 1.0, 1.0, 0.9082956314086914, 1.0, 0.999998927116394, 1.0]
[1.0, 1.0, 1.0, 0.9999950528144836, 0.9999924898147583, 0.9952384829521179, 0.9999958276748657, 0.9999998211860657, 0.9921056032180786, 1.0, 1.0, 1.0, 0.9997281432151794, 0.9973159432411194]
[0.9915450811386108, 1.0, 0.9999991059303284, 0.9996151328086853, 0.9991686344146729, 1.0, 0.9999980926513672, 1.0, 0.9999998807907104, 0.6845795512199402, 0.9370664358139038, 1.0]
[1.0, 1.0, 1.0, 1.0, 1.0, 1.0, 0.9962307214736938, 1.0, 1.0, 1.0, 0.9999995231628418, 1.0, 0.9969387650489807, 1.0]
[1.0, 1.0, 0.9998716115951538, 1.0, 0.9999051094055176, 1.0, 1.0, 1.0, 0.9999910593032837, 1.0, 1.0]
[0.9500663876533508, 1.0, 0.779431164264679, 1.0, 0.9999998807907104, 0.9999998807907104, 0.9999884366989136, 0.9999809265136719, 1.0, 0.9999991655349731, 1.0, 1.0, 1.0, 0.6775369048118591, 1.0, 0.9988468289375305]
[1.0, 0.961268424987793, 0.999986469745636, 1.0, 0.9675528407096863, 1.0, 1.0, 0.9999998807907104, 0.8586270809173584, 1.0, 0.9941047430038452, 1.0]
[1.0, 1.0, 0.999999463558197, 1.0, 1.0, 0.9889020919799805, 0.9944133162498474, 1.0, 1.0, 1.0, 1.0, 0.9999681115150452, 1.0]
[1.0, 0.9999999403953552, 0.999947726726532, 0.9998180866241455, 1.0, 1.0, 1.0, 1.0, 1.0, 1.0, 1.0]
[1.0, 0.9998900294303894, 0.9992691874504089, 0.8333483934402466, 1.0, 1.0, 1.0, 1.0, 1.0, 1.0, 0.9997404217720032, 1.0, 1.0]
[0.9998100399971008, 1.0, 1.0, 0.8118169903755188, 1.0, 1.0, 1.0, 1.0, 1.0, 0.9999898672103882, 0.9999996423721313, 1.0]
[0.9999987483024597, 1.0, 1.0, 0.9999980926513672, 1.0, 1.0, 1.0, 0.9544709920883179, 1.0, 1.0, 0.999722421169281, 1.0]
[1.0, 0.99956876039505, 1.0, 1.0, 0.9142177104949951, 0.999998152256012, 1.0, 1.0, 1.0, 0.6904307007789612, 1.0]
[1.0, 1.0, 0.9512032866477966, 0.9997976422309875, 0.9716199636459351, 1.0, 1.0]
[0.6143408417701721, 1.0, 1.0, 0.9999988675117493, 1.0, 1.0, 0.9999672770500183, 1.0]
[1.0, 0.9973923563957214, 1.0, 1.0, 1.0, 1.0, 1.0, 0.9948865175247192, 0.9735516309738159]
