[0.8922736048698425, 0.7032024264335632, 0.8023070096969604, 0.919198751449585, 0.7037107944488525, 0.7177758812904358, 0.895638644695282, 0.9961532354354858, 0.9690154194831848, 0.5602554082870483, 0.6535441875457764, 0.5347209572792053, 0.741992712020874, 0.5963848233222961, 0.529319703578949, 0.9593876004219055, 0.8210570812225342, 0.583036482334137]
[0.987541913986206, 0.9892914891242981, 0.9959926605224609, 0.9929075241088867, 0.9968916773796082, 0.9992594718933105, 0.8070897459983826, 0.997359573841095, 0.9859113097190857, 0.9617761373519897]
[0.9788574576377869, 0.9990912079811096, 0.8841140270233154, 0.8116875290870667, 0.7807064056396484, 0.9938297271728516, 0.802268922328949, 0.7473976016044617, 0.9810550212860107, 0.9894699454307556, 0.6658254861831665, 0.999406099319458, 0.9918347597122192, 0.9783507585525513, 0.9378604292869568, 0.780945897102356, 0.5001056790351868, 0.8497461676597595, 0.9897017478942871]
[0.7350805401802063, 0.900382399559021, 0.8295329213142395, 0.9775782823562622, 0.895716667175293, 0.899540901184082, 0.8748069405555725, 0.9988074898719788, 0.925608217716217, 0.9287166595458984, 0.9841558933258057, 0.9973985552787781, 0.9944316744804382, 0.8159244656562805]
[0.9376978874206543, 0.9647150635719299, 0.6283549666404724, 0.9802791476249695, 0.9231268167495728, 0.9812507629394531, 0.99610435962677, 0.671772837638855, 0.9940059185028076, 0.7306967973709106, 0.9630786776542664]
[0.8719798922538757, 0.5755483508110046, 0.9996765851974487, 0.9001035690307617, 0.9693621397018433, 0.5742462277412415, 0.7686172723770142, 0.5261291265487671, 0.9544145464897156, 0.9924321174621582, 0.5127980709075928, 0.5801716446876526, 0.9859992265701294, 0.9967191219329834, 0.5396316051483154, 0.8603596687316895, 0.6859868764877319, 0.9958593249320984]
[0.9972902536392212, 0.9222800731658936, 0.8165532350540161, 0.5082759857177734, 0.9795033931732178, 0.982384443283081, 0.8482675552368164, 0.9830306172370911, 0.9648143649101257, 0.9456189274787903, 0.8288812041282654, 0.747413694858551, 0.9855583906173706, 0.9584838151931763, 0.9143593907356262, 0.5896090865135193, 0.9998719692230225, 0.7401219606399536, 0.985893189907074, 0.8219561576843262, 0.9961047768592834, 0.6433081030845642, 0.9465100765228271, 0.999796986579895, 0.9462175369262695, 0.9931634664535522]
[0.9999739527702332, 0.926163375377655, 0.994484007358551, 0.9595144987106323, 0.5861057639122009, 0.9567539691925049, 0.8636767864227295, 0.9060126543045044, 0.9873864650726318, 0.9997652769088745, 0.8971278667449951, 0.8818277716636658, 0.9999799132347107, 0.9999235272407532, 0.8839817643165588, 0.9999344944953918, 0.9999603629112244, 0.9702871441841125, 0.9947285056114197, 0.6400325894355774, 0.9997349977493286, 0.9922921657562256]
[0.9985663294792175, 0.9999323487281799, 0.9999992847442627, 0.9999997615814209, 0.9999986886978149, 0.7809603810310364, 0.9977843761444092, 0.9717552661895752, 0.9999432563781738, 0.9762021899223328, 0.9691584706306458, 0.9996392726898193, 0.9611198306083679, 0.9999630451202393, 0.9999414086341858, 0.6720954775810242, 0.9999913573265076, 0.998646080493927, 0.9964050054550171, 0.9999967813491821, 0.9698639512062073, 0.9990938901901245, 0.5836536288261414, 0.9932432770729065, 0.9050853252410889, 0.99517422914505]
[0.9999886155128479, 0.9999948143959045, 0.9962602257728577, 0.787261426448822, 0.9999364018440247, 0.9950122833251953, 0.9999999403953552, 0.9999995231628418, 0.9993496537208557, 0.9992354512214661, 0.9999233484268188, 0.9999939203262329, 0.824039876461029, 0.9396279454231262, 0.6044411063194275, 0.8981847763061523, 0.9875239729881287, 0.999973475933075, 0.9999992251396179, 0.9999964237213135, 0.9999979734420776, 0.9999996423721313, 0.9999766945838928]
[0.9999995231628418, 0.9982976317405701, 1.0, 1.0, 0.9999995231628418, 0.9923851490020752, 0.777065098285675, 0.9982097744941711, 0.8030566573143005, 0.9999634027481079, 0.9999213218688965, 0.8889307975769043, 0.9996064305305481, 0.9885814189910889, 0.9999997615814209, 0.9999943971633911, 0.5153359770774841, 0.8537993431091309, 0.9984840750694275, 0.9999919533729553, 0.9994674921035767, 0.9999995231628418]
[0.9999827742576599, 0.9981698989868164, 0.9988195300102234, 0.5253618359565735, 0.7321954965591431, 0.9999998211860657, 0.9998989105224609, 0.8494621515274048, 0.9999998807907104, 0.9999960660934448, 0.9999665021896362, 0.9560083746910095, 0.9626756906509399, 1.0, 0.9999944567680359, 0.9998805522918701, 0.9995349049568176, 0.8573637008666992, 0.9871129989624023, 0.9996837973594666, 0.9812256693840027, 0.5511842370033264, 0.9981757998466492, 0.9999995231628418, 0.9771238565444946, 0.9892106652259827, 0.9996291399002075]
[0.9998200535774231, 0.9962726831436157, 0.5680233240127563, 0.9997388124465942, 1.0, 0.9999999403953552, 0.9932857751846313, 0.9723082184791565, 0.9997596740722656, 0.9999701976776123, 0.9999868869781494, 0.9999074339866638]
[1.0, 0.9981088638305664, 0.9974740147590637, 0.8475043177604675, 0.6986021399497986, 0.9390384554862976, 0.9999977946281433, 0.9999686479568481, 0.9999998211860657, 0.8218050599098206, 0.9999697804450989, 0.9999819397926331, 0.6494119763374329, 0.9966931343078613, 0.8823707103729248, 0.9999890327453613, 0.9974603056907654, 0.6420679092407227, 0.6530202627182007, 0.9999634623527527]
[0.9999861717224121, 0.9999896883964539, 0.9984850287437439, 0.9978357553482056, 0.9998553991317749, 0.9990118145942688, 0.999999463558197, 0.9951743483543396, 0.999994695186615, 0.9999998807907104, 0.9999986886978149, 0.996405839920044, 0.9998922944068909, 1.0, 0.9999104738235474, 0.6296582818031311, 0.9999999403953552, 0.9998034238815308]
[0.9997197985649109, 0.9997739195823669, 0.9998302459716797, 0.9992250800132751, 0.9924841523170471, 0.9983797073364258, 0.9999998211860657, 0.99998939037323, 0.9999986886978149, 0.9997700452804565, 0.9981919527053833, 0.8803679347038269, 0.7190039157867432, 0.9864854216575623, 0.9999992251396179, 0.9813365936279297, 0.9999987483024597, 0.9989319443702698, 0.9997327923774719, 0.9042102694511414, 0.8985277414321899]
[0.999970018863678, 0.9999991655349731, 0.999880850315094, 0.9999961853027344, 0.9997621774673462, 1.0, 0.9999648928642273, 0.9990960955619812, 0.9971691966056824, 1.0, 0.9999953508377075, 0.6239033937454224, 0.9999999403953552, 0.7945131063461304, 0.9818007349967957, 0.9409652352333069, 0.6865387558937073, 0.9721149802207947, 0.8551909327507019, 0.9999997615814209, 0.6576234698295593, 0.9999991059303284, 0.9999995827674866]
[0.9999927878379822, 0.8330661654472351, 0.9999240636825562, 0.9999340772628784, 0.8754035234451294, 0.9999207258224487, 0.9996026158332825, 0.8915910124778748, 0.984126627445221, 0.8566732406616211, 0.9999148845672607, 0.999975323677063, 0.9999994039535522, 0.9955253005027771, 0.7766793370246887, 0.8569896817207336, 0.9999998807907104, 0.9999692440032959, 0.9934529066085815, 0.9997904300689697, 0.993532121181488]
[0.9995771646499634, 0.9952080845832825, 0.9995773434638977, 0.9999998211860657, 0.9999916553497314, 0.9498529434204102, 0.9996843338012695, 0.9996382594108582, 0.7271929979324341, 0.9912726879119873, 0.9992108941078186, 0.9850260615348816, 0.8942490816116333, 0.9983087778091431, 0.9999970197677612, 0.9999992847442627, 0.9865838885307312, 0.9329364895820618, 0.9930450916290283, 1.0, 0.9625172019004822, 0.9999929070472717, 0.9999073147773743]
[0.988690197467804, 0.9999980926513672, 0.9999972581863403, 0.998929500579834, 1.0, 1.0, 0.9997236132621765, 0.9994142055511475, 1.0, 0.9929510354995728, 0.9999996423721313, 0.9994919300079346, 0.8462648987770081, 0.999998927116394, 0.9402573704719543, 0.9999326467514038, 0.9730836749076843, 0.9999840259552002, 1.0, 0.9708704352378845, 0.9999982714653015, 0.9999997615814209, 0.8323261141777039, 0.9682692289352417, 0.9999999403953552]
[0.9999999403953552, 0.6991827487945557, 0.9999993443489075, 0.9999973177909851, 0.9210402965545654, 1.0, 0.9997854232788086, 0.9989321827888489, 0.9999986886978149, 0.9903746843338013, 0.9999998807907104, 1.0, 0.9709135890007019, 0.9993178248405457, 1.0, 0.9999717473983765, 0.9999972581863403, 0.9999999403953552, 0.9999996423721313, 0.999968945980072, 0.9999999403953552, 0.8310559988021851]
[0.9999998211860657, 0.9016202688217163, 0.9999996423721313, 0.9998677372932434, 0.9999281167984009, 0.9998318552970886, 0.9996535181999207, 0.8950284719467163, 1.0, 0.9999990463256836, 1.0, 1.0, 0.7226919531822205, 0.9999999403953552, 1.0, 0.9997462630271912, 1.0, 1.0, 0.9999958276748657, 0.9999996423721313, 0.9744072556495667, 0.9998347163200378, 0.9998822808265686, 0.9999998807907104]
[0.9123229384422302, 0.9999778270721436, 1.0, 1.0, 0.9999949336051941, 0.9999998807907104, 0.9999996423721313, 0.9999999403953552, 0.9769673943519592, 0.9999935030937195, 0.9909788370132446, 0.7516016364097595, 0.9999997615814209, 1.0, 0.9938511848449707, 0.9982405304908752, 0.9998995065689087, 0.9688904285430908, 1.0, 0.9999971985816956, 0.9999679923057556, 1.0, 0.993076503276825, 1.0, 1.0, 0.9999958276748657]
[0.9999140501022339, 0.999968409538269, 0.9883274435997009, 0.9999744296073914, 0.9999996423721313, 0.9999999403953552, 0.8223497271537781, 0.9990255236625671, 1.0, 0.9860950112342834, 0.9999959468841553, 1.0, 0.9990965127944946, 0.999279260635376, 0.8231021761894226, 0.9999998807907104, 1.0, 0.999993085861206, 0.9846654534339905, 0.994374692440033, 1.0, 0.9976555705070496, 0.9999103546142578, 0.9999770522117615]
[0.9963986873626709, 0.9997676610946655, 0.9671112895011902, 1.0, 0.999997079372406, 1.0, 0.9999991059303284, 0.9993422627449036, 0.9999979734420776, 0.9999813437461853, 0.999999463558197, 0.9999643564224243, 0.9999987483024597, 0.9988078474998474, 0.9999998807907104, 1.0, 0.9997804760932922, 0.9999984502792358, 0.9967778325080872, 1.0, 0.9999988675117493, 0.9999998807907104, 1.0, 1.0, 0.9999964237213135]
[0.9999944567680359, 1.0, 1.0, 0.8839904069900513, 0.9999998211860657, 1.0, 0.7792679071426392, 0.9999959468841553, 0.9590758681297302, 0.9997310638427734, 0.999953031539917, 0.9933682084083557, 1.0]
[0.9323777556419373, 0.9856452345848083, 0.9998012781143188, 0.9999985694885254, 0.9988423585891724, 0.5975507497787476, 0.9999999403953552, 1.0, 0.6382451057434082, 0.7165857553482056, 0.9978175163269043, 0.9911303520202637, 0.9999756217002869, 0.9794764518737793, 0.9999723434448242, 0.9999999403953552, 0.9999070167541504, 0.9999906420707703, 0.9999794363975525, 0.9950067400932312, 0.8738795518875122, 0.999980092048645, 0.9989374876022339]
[0.9999707937240601, 0.9999833106994629, 0.7434675693511963, 0.9992016553878784, 0.9999998211860657, 0.9998645186424255, 0.9999993443489075, 0.8815721869468689, 0.9999074339866638, 0.993204653263092, 0.9963738322257996, 0.7889849543571472, 0.9987859129905701, 0.9999691247940063, 0.9999061226844788, 0.9999985694885254, 0.999999463558197, 1.0, 0.9999902844429016, 0.9930021166801453, 0.9999954700469971, 0.9999076128005981, 0.9991228580474854]
[0.999999463558197, 0.9999845623970032, 0.9902971386909485, 0.977520227432251, 0.99931401014328, 0.9999998807907104, 0.801932156085968, 0.9582611322402954, 0.9400106072425842, 0.7202959656715393, 0.9997932314872742, 0.9998250007629395, 0.999779999256134, 0.9905449748039246, 0.9652379751205444, 0.9224243760108948, 0.999472439289093, 0.9999228119850159]
[0.9013150930404663, 0.9999926686286926, 0.9999653100967407, 0.6777665019035339, 0.9056285619735718, 0.9999985694885254, 0.9999845623970032, 0.9994550347328186, 0.8208798766136169, 0.9995920062065125, 0.999894380569458, 0.9992166757583618, 0.7566923499107361, 0.9394094944000244, 0.7440090775489807, 0.7380509376525879, 0.9643896818161011, 0.9978819489479065]
[0.9995718002319336, 1.0, 0.9999998211860657, 0.9999997615814209, 0.9999943971633911, 0.9998542070388794, 0.9935092329978943, 1.0, 0.9999998211860657, 0.9985551238059998, 0.997008740901947, 0.885256290435791, 0.9999610185623169, 1.0, 0.9999998807907104, 0.5896061658859253]
[0.9713944792747498, 1.0, 0.9999996423721313, 0.9999992847442627, 1.0, 0.9950827956199646, 0.9999996423721313, 1.0, 1.0, 0.7218905091285706, 0.7387592196464539, 0.9998831748962402, 0.9986926317214966, 0.9822393655776978, 0.9999545216560364]
[0.9999348521232605, 0.9999999403953552, 0.9999971389770508, 0.9999518990516663, 0.9993386268615723, 0.9999954700469971, 0.9999999403953552, 0.5402333736419678, 0.9999995231628418, 0.9999837875366211, 0.9999976754188538, 0.7357859015464783, 1.0, 1.0, 0.9983065128326416, 0.9942706227302551, 0.9999926686286926]
[0.999998927116394, 0.9967427849769592, 0.9998030662536621, 0.9999957084655762, 0.9999990463256836, 0.9982449412345886, 1.0, 0.9983667135238647, 0.9219096899032593, 0.9999999403953552, 1.0, 1.0, 0.9999926686286926, 1.0, 0.9999668598175049, 0.9999899864196777]
[0.5003420114517212, 0.9992122054100037, 0.9910545349121094, 0.9692574739456177, 0.9998493790626526, 0.9998713135719299, 0.9741578102111816, 0.9999993443489075, 0.9999656677246094, 0.9999972581863403, 0.8209711909294128, 0.9996604323387146, 0.9992652535438538]
[1.0, 0.9881370067596436, 0.5100427865982056, 0.9998570680618286, 0.999994158744812, 0.9997820258140564, 0.9999896883964539, 0.9252757430076599, 0.9431397318840027, 0.9925723671913147, 0.9999353885650635, 0.9857678413391113, 0.9994082450866699, 0.9454314708709717, 0.9455233216285706, 0.9996726512908936, 0.9205095171928406, 0.8707934021949768]
[0.9999966621398926, 0.9980968236923218, 0.9978604912757874, 0.9980138540267944, 0.9649233222007751, 0.705919086933136, 0.956215500831604, 0.9999892115592957, 0.7084447741508484, 0.9997159242630005, 0.9997928738594055, 0.9316006302833557, 0.9999848008155823, 0.9052045941352844, 0.9899303317070007, 0.9999721646308899, 0.9993507862091064, 0.9998252391815186, 0.9911544322967529]
[0.6141729354858398, 0.6583890914916992, 1.0, 0.9999993443489075, 0.9979026913642883, 0.9607869982719421, 0.9540886878967285, 0.9999890923500061, 0.9421300292015076, 0.999686062335968, 0.9999998807907104, 0.99998539686203, 0.9975335001945496, 0.5531886219978333, 0.9999971985816956, 1.0, 0.9901280403137207, 0.9999792575836182, 0.9999991059303284, 0.776824414730072, 0.9929829835891724, 0.7533952593803406, 0.9999991059303284, 0.9541873931884766]
[0.9999057054519653, 0.988146185874939, 1.0, 0.9999971985816956, 1.0, 0.7701696157455444, 0.5607532262802124, 1.0, 0.9466385841369629, 0.6885491609573364, 0.588110089302063, 1.0]
[0.999999463558197, 0.997143566608429, 0.9999808073043823, 0.9996122717857361, 0.9996870160102844, 0.9999985694885254, 0.9999982118606567, 0.9704998135566711, 0.9999998807907104, 0.9999882578849792, 0.9999997615814209, 0.9055581092834473, 0.8588329553604126, 0.9999998807907104, 0.9935635924339294, 0.959128201007843, 0.6799207925796509, 0.9999960660934448, 1.0, 0.99993896484375, 0.9764209389686584]
[0.9999999403953552, 0.9999784231185913, 0.5973958373069763, 0.9999991059303284, 0.9252178072929382, 1.0, 0.9994531869888306, 0.9999996423721313, 0.9972989559173584, 0.9343366622924805, 0.9999992847442627, 0.9979676008224487, 0.7193530797958374, 0.9706524014472961, 0.9792272448539734, 0.9999990463256836, 0.9967148900032043, 0.7525456547737122]
[0.9999969005584717, 0.9999933242797852, 0.9999998211860657, 0.9975816607475281, 0.9999998807907104, 0.9903972148895264, 0.9999999403953552, 0.9999960660934448, 0.6329814195632935, 0.7468385100364685, 0.993097722530365, 0.9733960628509521, 0.9999879002571106, 0.9999948143959045, 0.7022727727890015, 0.9997797012329102, 0.9999776482582092, 0.5502616763114929, 0.9999988675117493, 1.0, 0.9999957084655762, 0.9999898672103882, 0.9996182918548584, 0.9999974370002747, 0.9543578624725342]
[0.9998617172241211, 0.999999463558197, 0.9999896883964539, 1.0, 0.9876050353050232, 0.9733705520629883, 1.0, 0.9169090390205383, 0.8307198882102966, 0.9999996423721313, 0.999997079372406, 0.9993361234664917, 0.9999331831932068, 0.9999978542327881, 1.0, 0.9999957084655762, 0.999973714351654, 0.9999829530715942, 0.9934220314025879, 0.999971866607666, 0.9999950528144836, 0.9997650980949402, 0.9982893466949463, 0.9999479651451111, 0.9999116063117981, 0.9998729228973389, 1.0, 0.9999973177909851, 0.9999998211860657]
[1.0, 0.9993937015533447, 0.9929648637771606, 0.9999999403953552, 0.9999942779541016, 0.9999790787696838, 0.9999993443489075, 0.9934579133987427, 1.0, 0.9999847412109375, 0.9999821782112122, 0.9986459612846375, 0.9999781250953674, 0.9453769326210022, 0.9999178647994995, 0.994202196598053, 0.9999998807907104, 0.9915905594825745, 0.9417455196380615, 0.9999964237213135, 0.9999990463256836, 0.9999995231628418, 0.9985826015472412, 1.0]
[0.5862084031105042, 0.9999992847442627, 0.9992573857307434, 0.5073473453521729, 0.9999361634254456, 0.7561687231063843, 0.9999653697013855, 0.9999991655349731, 0.9999999403953552, 0.890332818031311, 0.9887992143630981, 0.9986453056335449, 0.999977171421051, 0.938883900642395]
[0.9999794363975525, 0.9999887347221375, 0.9999996423721313, 0.9985883235931396, 0.9999983906745911, 0.9983760118484497, 0.5883937478065491, 1.0, 0.9999233484268188, 0.9709227681159973, 0.9987144470214844, 0.9987017512321472, 0.9975100159645081, 0.9999970197677612, 0.998778760433197, 0.88257896900177, 0.989279568195343, 0.9833647608757019, 0.9999417662620544, 0.5033731460571289, 1.0, 0.9076799154281616, 1.0, 0.999998152256012]
[1.0, 0.9999898672103882, 1.0, 0.9987183213233948, 1.0, 1.0, 0.9986667633056641, 0.9474861025810242, 1.0, 1.0, 0.9981542229652405, 0.788785457611084, 0.9191020727157593, 0.9154353737831116, 0.9983305335044861, 0.7435112595558167, 0.7041081190109253, 0.9998372793197632, 0.9880673885345459]
[0.9958241581916809, 0.9999035000801086, 0.9999953508377075, 0.9997876882553101, 0.9999892115592957, 1.0, 1.0, 0.9999658465385437, 0.6158212423324585, 0.5442327260971069, 0.9998083710670471, 0.9996459484100342, 0.9997724890708923, 0.9891254901885986, 0.9761248230934143, 0.5988028645515442, 0.9999816417694092, 0.9998016953468323, 0.9999818205833435, 1.0, 0.999998927116394, 0.9999998211860657, 0.9996397495269775]
[0.9999998211860657, 0.9996644258499146, 0.9251121282577515, 0.6640849709510803, 0.9995941519737244, 0.9793189167976379, 1.0, 0.719620943069458, 0.9999998807907104, 0.9999950528144836, 0.999994695186615, 0.9987346529960632, 0.999576210975647, 0.999935507774353, 0.9434170722961426, 0.9358551502227783]
[0.9960933327674866, 1.0, 0.9999985694885254, 0.9948320984840393, 0.9999925494194031, 0.9940036535263062, 0.9274580478668213, 1.0, 0.9999882578849792, 1.0, 0.9997254610061646, 0.9999235272407532, 0.9999994039535522, 0.9999999403953552]
[0.749553918838501, 0.9999997615814209, 0.9996999502182007, 0.9999996423721313, 0.9999990463256836, 0.9824275374412537, 1.0, 1.0, 0.9999961853027344, 0.9957104325294495, 0.9996716976165771, 0.7917940020561218, 0.9961380362510681, 1.0]
[0.9999996423721313, 0.999998927116394, 0.9999982714653015, 0.9999899864196777, 0.7341833114624023, 0.55735844373703, 0.9675846099853516, 0.9968904256820679, 1.0, 1.0, 0.9999983906745911]
[0.9999996423721313, 0.9999998211860657, 0.9999998807907104, 1.0, 0.9999980926513672, 0.999820351600647, 0.9999921917915344, 0.9987632036209106, 0.9999984502792358, 0.9996850490570068, 1.0, 0.999998927116394, 0.9999999403953552, 1.0]
[0.9897183179855347, 0.9999998807907104, 1.0, 0.9999585747718811, 1.0, 0.9999984502792358, 0.9673113226890564, 0.9997768998146057, 0.9983861446380615, 0.9993886351585388, 0.9999973177909851, 0.9999974370002747, 1.0, 0.9999986886978149, 0.9999997615814209, 0.9999998807907104, 0.9999994039535522]
[0.9999991059303284, 0.9999997615814209, 0.9999998807907104, 1.0, 0.7587608098983765, 0.9173295497894287, 0.9999995231628418, 0.9999592304229736, 1.0, 0.9697241187095642, 0.9683168530464172, 0.9995073676109314, 0.992068350315094]
[0.9999315738677979, 0.9999999403953552, 1.0, 0.5133692622184753, 0.9994860291481018, 0.9522376656532288, 1.0, 0.9251435995101929, 0.9932145476341248, 0.9964464902877808, 0.9999998807907104, 0.9999992847442627, 0.9865024089813232, 1.0, 1.0, 0.998458743095398, 0.9999997615814209, 0.9999871253967285, 0.8620430827140808]
[1.0, 0.9973786473274231, 0.9988943934440613, 0.9999892115592957, 0.9999993443489075, 0.999987006187439, 0.997600257396698, 1.0, 0.9999998211860657, 0.9959244132041931, 1.0, 1.0, 0.7843970656394958, 0.9999567270278931, 0.9934161305427551, 0.9999514818191528, 0.9999959468841553, 0.9997870326042175, 0.9999546408653259, 0.9999992847442627, 1.0]
[0.9999988675117493, 0.9997889399528503, 0.9601507186889648, 1.0, 1.0, 0.9996730089187622, 1.0, 0.9999979734420776, 1.0, 0.9999991655349731, 0.9984402060508728, 0.9998834729194641, 0.988001823425293, 0.9999577403068542, 0.96047043800354]
[1.0, 0.9996328949928284, 0.9995673298835754, 1.0, 0.9998847842216492, 0.9916500449180603, 0.9984853267669678, 0.9999740719795227, 1.0, 1.0, 0.999993622303009, 1.0, 1.0, 0.9941975474357605, 1.0, 0.9999996423721313, 1.0, 0.999997079372406, 1.0, 1.0, 0.9999998211860657]
[0.9999865889549255, 0.8986865878105164, 0.996588945388794, 1.0, 1.0, 0.9999979734420776, 0.9999997615814209, 0.5901229977607727, 0.9999995231628418, 0.9999997615814209, 1.0, 1.0, 0.9999998211860657, 0.999998152256012, 0.9999597072601318, 0.812019407749176, 0.9999017715454102, 1.0]
[0.9999969005584717, 0.9999985694885254, 1.0, 0.999994695186615, 0.9999989867210388, 0.9999996423721313, 0.9999940395355225, 0.9998033046722412, 1.0, 0.9999995231628418, 0.7827905416488647, 0.9999987483024597, 0.9996533393859863, 0.9999923706054688, 0.9999984502792358, 1.0, 0.9999905824661255, 0.8074196577072144, 1.0, 0.9984312057495117, 0.9999716281890869]
[0.9999993443489075, 0.9994926452636719, 0.9999991059303284, 0.9997838139533997, 0.9999983906745911, 0.9999985098838806, 1.0, 0.9208981394767761, 0.9989895820617676, 0.9999963045120239, 1.0, 1.0, 1.0, 0.9990058541297913]
[0.9613562226295471, 0.9995218515396118, 1.0, 0.9999996423721313, 0.9999788999557495, 0.9999834895133972, 0.9989730715751648, 0.8682817220687866, 1.0, 0.9999999403953552, 0.9998694062232971, 0.9999849200248718, 0.9996390342712402, 0.9999937415122986, 0.9999921917915344, 0.999998152256012, 0.9982309937477112]
[0.9895105957984924, 0.9175900816917419, 0.9999924898147583, 1.0, 0.9926710724830627, 0.9911516308784485, 0.9863255620002747, 0.9830518364906311, 1.0, 0.999835193157196, 0.9999988675117493, 0.9999982714653015, 0.8191828727722168, 1.0]
[1.0, 0.9689032435417175, 0.9965524673461914, 0.9934443235397339, 1.0, 0.9999993443489075, 0.9942924976348877, 0.9999998211860657, 1.0, 1.0]
[1.0, 1.0, 0.9995883703231812, 0.9994505643844604, 0.9999976754188538, 0.9999998211860657, 0.9601490497589111, 0.9998708367347717, 1.0, 0.9999639987945557, 0.9967964887619019]
[0.9999988675117493, 0.9999701976776123, 1.0, 0.9970945715904236, 1.0, 1.0, 0.9774453639984131, 0.9999996423721313, 0.986743688583374, 1.0, 1.0, 0.9997497797012329, 0.6977096796035767]
[0.9996095895767212, 0.9999255537986755, 0.9999986886978149, 1.0, 1.0, 0.8297767639160156, 0.9917110204696655, 0.9999926686286926, 0.9999994039535522, 0.9290943741798401, 1.0, 0.9999998211860657, 0.9999935030937195, 1.0, 0.9926225543022156, 0.9898198843002319, 1.0, 0.9965299963951111]
[0.9997137784957886, 0.959628701210022, 0.9999998211860657, 0.6854593753814697, 0.9999998807907104, 0.9999995231628418, 0.9999794363975525, 0.9999998807907104, 0.9999074339866638, 0.9105157256126404, 0.9999998211860657, 0.999977171421051, 0.9924412369728088, 0.9743919968605042, 0.9999950528144836, 0.9999804496765137, 1.0, 1.0, 0.999999463558197]
[0.9999996423721313, 0.9999998807907104, 0.9999991059303284, 0.9999998211860657, 1.0, 0.9998740553855896, 1.0, 1.0, 0.969241201877594, 0.9999999403953552, 0.9999996423721313, 1.0, 1.0, 0.9999998807907104, 1.0, 1.0, 1.0, 0.996880292892456, 1.0]
[0.9999970197677612, 1.0, 0.9998530745506287, 0.9995763301849365, 1.0, 0.9999993443489075, 1.0, 0.9998099207878113, 1.0, 0.9986507892608643, 1.0, 1.0, 1.0, 1.0, 1.0, 0.9999998807907104, 1.0, 1.0, 1.0, 0.9900047779083252, 0.988156259059906]
[1.0, 1.0, 0.9998114109039307, 1.0, 1.0, 1.0, 0.9999913573265076, 0.9996280074119568, 0.9999688267707825, 1.0, 1.0, 1.0, 0.9999997615814209, 0.9999998807907104]
[0.9999986886978149, 0.9971790313720703, 1.0, 0.999979555606842, 0.9969920516014099, 0.9993158578872681, 1.0, 1.0, 1.0, 0.999993622303009, 0.9999990463256836, 1.0, 1.0, 0.9993587732315063]
[0.999999463558197, 1.0, 1.0, 0.9979006052017212, 0.9999990463256836, 1.0, 1.0, 0.9999902844429016, 1.0, 0.9999997615814209, 1.0, 0.5894679427146912, 1.0, 1.0, 0.9740101099014282, 1.0, 0.9960160255432129, 0.997979462146759, 1.0, 1.0]
[0.9999999403953552, 0.9999441504478455, 0.9225745797157288, 1.0, 0.9999996423721313, 0.9999998807907104, 0.9912123084068298, 0.8178998231887817, 0.998145580291748, 1.0, 1.0, 1.0, 1.0, 0.9999997615814209, 0.999958872795105, 1.0, 1.0]
[1.0, 1.0, 1.0, 0.9998883008956909, 1.0, 0.9995655417442322, 0.9978243708610535, 0.9999875426292419, 0.9999889135360718, 1.0, 0.9999997615814209]
[1.0, 0.9979523420333862, 0.9999979734420776, 0.9528263807296753, 1.0, 1.0, 0.9983115792274475, 0.8050603866577148, 0.9999783039093018, 0.964497983455658, 0.9999998807907104, 1.0, 1.0]
[0.9997132420539856, 0.9999924898147583, 1.0, 0.9999189376831055, 1.0, 0.9999825954437256, 1.0, 0.9999995231628418]
[1.0, 0.9998539090156555, 1.0, 1.0, 1.0, 0.9972190260887146, 0.995591938495636, 0.9999651312828064, 1.0, 1.0, 1.0, 0.9942294359207153, 1.0]
[1.0, 0.7562980651855469, 0.9896607995033264, 0.9999977946281433, 0.9999998807907104, 1.0, 0.9999356269836426, 1.0, 1.0, 1.0, 0.9999974370002747, 1.0, 0.9950671195983887, 1.0]
[1.0, 1.0, 0.9976678490638733, 1.0, 0.9962202310562134, 0.9995453357696533, 1.0, 1.0, 0.9999996423721313, 0.9999602437019348, 1.0, 0.9840388894081116, 1.0]
[0.9998463988304138, 0.909611165523529, 0.9999825358390808, 0.9642695784568787, 0.9422262907028198, 1.0, 1.0, 0.9999754428863525, 0.9964468479156494, 0.999066174030304, 0.9473664164543152, 0.9999995231628418, 0.9999996423721313]
[1.0, 0.9999995231628418, 0.9954866766929626, 1.0, 1.0, 0.9999970197677612, 0.9990637898445129, 1.0, 1.0, 0.9933179616928101, 1.0, 0.7297919392585754, 0.9992639422416687, 0.9948115348815918, 0.9999998807907104, 0.9996879696846008, 0.7975655198097229, 0.9999011754989624]
[0.9999999403953552, 1.0, 0.9999996423721313, 0.9999942779541016, 1.0, 1.0, 0.9999939203262329, 0.9999970197677612, 1.0, 0.9999643564224243, 0.9999996423721313, 1.0, 1.0, 0.6347149610519409]
[0.9999990463256836, 0.9993811845779419, 1.0, 1.0, 1.0, 1.0, 1.0, 0.999997079372406, 1.0, 1.0, 0.9933003187179565, 1.0, 1.0, 0.9956475496292114, 0.999999463558197, 1.0]
[0.999979555606842, 0.9999998807907104, 0.9708566665649414, 0.9997645020484924, 0.9991424083709717, 0.9410216808319092, 0.9999975562095642, 1.0, 0.9999973177909851, 1.0, 0.9999959468841553, 1.0, 0.999997079372406, 0.9997639060020447]
[1.0, 0.999549388885498, 0.9999939203262329, 0.9996920228004456, 0.7852502465248108, 0.9999992847442627, 1.0, 1.0, 1.0, 1.0, 0.9818460941314697, 1.0, 0.9999919533729553, 0.9998835325241089, 1.0, 1.0, 0.9971619844436646, 0.999999463558197]
[1.0, 0.9999992847442627, 1.0, 1.0, 1.0, 0.999799907207489, 0.9999999403953552, 1.0, 0.9999998807907104, 0.8784680366516113, 0.5335003733634949, 1.0, 1.0, 0.9999986886978149, 0.9976411461830139, 1.0, 0.9872748851776123, 0.9999735355377197, 0.9999999403953552, 0.9999964237213135]
[0.9993417263031006, 1.0, 1.0, 1.0, 1.0, 1.0, 1.0, 0.9997593760490417, 0.9773972034454346, 1.0, 1.0, 0.9975834488868713, 0.9985712170600891, 1.0]
[1.0, 0.9999999403953552, 0.916437029838562, 0.9998498558998108, 0.994880199432373, 0.9754015207290649, 1.0, 0.9999996423721313, 0.9999998807907104, 1.0, 1.0, 0.9999999403953552]
[1.0, 0.9998401999473572, 1.0, 1.0, 0.9999933242797852, 1.0, 0.9860770106315613]
[0.5183591246604919, 1.0, 1.0, 1.0, 0.9999938607215881, 0.9746303558349609, 1.0, 0.8007202744483948, 1.0, 1.0, 1.0, 0.9999977946281433, 0.9998643398284912, 0.9870456457138062, 0.9997756481170654, 1.0]
[1.0, 0.9999999403953552, 0.9999284148216248, 0.9999997615814209, 0.9999953508377075, 1.0, 0.9999999403953552, 1.0, 1.0, 1.0, 1.0, 1.0, 1.0, 0.9993830919265747]
[1.0, 0.9999998211860657, 1.0, 0.998329758644104, 1.0, 1.0, 0.8807923197746277, 1.0, 0.991204559803009, 0.7669010758399963, 0.8195755481719971, 1.0, 1.0, 1.0, 0.9977719187736511, 0.9955351948738098, 0.9998071193695068]
[0.9999999403953552, 0.9993154406547546, 0.9972482919692993, 0.9999995231628418, 0.9999979734420776, 1.0, 0.9999999403953552, 0.9999990463256836, 0.9999999403953552, 1.0, 0.9999950528144836, 1.0, 0.9759710431098938, 0.9994339942932129, 1.0, 1.0, 1.0, 1.0]
[1.0, 0.9999710321426392, 0.9999973177909851, 0.9999998211860657, 1.0, 0.9999999403953552, 0.9994131922721863, 0.9821365475654602, 0.9999286532402039, 0.9972249269485474, 0.9999998211860657, 1.0]
[0.9999667406082153, 1.0, 0.9462779760360718, 0.9999827146530151, 1.0, 0.9999939203262329, 0.9986220002174377, 0.8648967146873474, 0.9913482069969177, 1.0]
[0.9971500635147095, 0.9994070529937744, 1.0, 0.9988287091255188, 0.9999823570251465, 0.9999991059303284, 1.0, 0.9999982714653015, 0.9968793988227844, 0.9994001984596252, 1.0, 1.0, 1.0, 0.9999998807907104, 1.0]
[0.9999996423721313, 1.0, 0.9696959257125854, 1.0, 1.0, 1.0, 0.9999929070472717, 0.8418044447898865, 1.0, 1.0, 1.0, 1.0]
[0.6840189099311829, 1.0, 0.9925230741500854, 1.0, 0.9999999403953552, 1.0, 1.0, 0.7719368934631348, 1.0, 0.9720199108123779, 0.9243271946907043, 0.9999998807907104, 0.9999986886978149, 0.9999520778656006, 0.9860152006149292, 0.9999998807907104]
[1.0, 1.0, 1.0, 0.9999207258224487, 1.0, 1.0, 0.6387854814529419, 1.0, 1.0, 1.0, 1.0, 1.0]
[1.0, 1.0, 1.0, 0.9999992847442627, 1.0, 1.0, 0.9970768690109253, 0.9999994039535522, 0.9967912435531616, 1.0, 1.0, 0.9999997615814209, 1.0, 0.99861741065979]
[1.0, 0.9982478022575378, 0.9999998807907104, 1.0, 0.999986469745636, 0.9487515091896057, 1.0, 0.9530981183052063, 1.0, 0.7013214826583862, 0.9999991059303284, 0.9999504089355469, 1.0, 1.0, 1.0, 1.0, 1.0, 1.0, 0.9996094703674316]
[1.0, 1.0, 1.0, 1.0, 0.9999924898147583, 1.0]
[0.9985596537590027, 1.0, 1.0, 1.0, 0.9999906420707703, 0.8095377683639526, 0.9984833002090454, 1.0, 1.0, 1.0, 1.0, 0.9999985694885254, 1.0, 1.0, 0.9999998807907104, 1.0, 1.0]
[0.9999977350234985, 1.0, 0.9993792772293091, 0.9713575839996338, 1.0, 1.0, 0.9302906394004822, 1.0, 1.0, 0.9999992847442627, 0.9975355863571167, 1.0, 0.9814627170562744, 1.0]
[0.9999996423721313, 1.0, 0.9999819993972778, 0.9999975562095642, 1.0, 0.9999984502792358, 0.9997174143791199, 1.0, 0.9999975562095642, 1.0, 0.9889757633209229, 0.9999995231628418, 1.0, 1.0, 1.0, 1.0]
[1.0, 1.0, 1.0, 1.0, 0.9999648332595825, 1.0, 0.999999463558197, 0.969237744808197, 1.0, 1.0, 0.9999937415122986, 0.9999998211860657, 1.0, 1.0, 1.0, 1.0, 1.0]
[0.9978190660476685, 0.9999942779541016, 1.0, 1.0, 1.0, 1.0, 1.0, 0.9999996423721313, 1.0, 1.0, 0.9999995827674866, 1.0, 1.0, 1.0, 1.0]
[1.0, 1.0, 1.0, 0.999952495098114, 1.0, 1.0, 1.0, 1.0, 1.0, 1.0, 0.9999995231628418, 1.0, 0.7680497169494629, 1.0, 0.9999734163284302, 1.0, 1.0, 1.0, 0.9999966621398926]
[1.0, 1.0, 0.9481527209281921, 1.0, 1.0, 0.8893135190010071, 1.0, 1.0, 1.0, 0.9999969005584717, 0.9998245239257812, 1.0, 1.0, 1.0, 0.9974633455276489, 1.0]
[0.9999964237213135, 0.9994645118713379, 1.0, 0.9999999403953552, 0.9999996423721313, 1.0, 1.0, 0.9999991059303284, 1.0, 0.9999999403953552, 0.955398440361023, 1.0, 0.9125049114227295, 1.0, 1.0]
[0.9988681674003601, 1.0, 1.0, 0.9999966621398926, 0.9999995231628418, 1.0, 0.9999991655349731, 1.0, 1.0, 0.9999900460243225, 1.0, 1.0, 1.0, 1.0, 0.9676237106323242, 0.9999324083328247, 0.9999875426292419, 0.9999998807907104, 1.0, 0.999993622303009, 0.7960958480834961, 0.999999463558197, 0.9998310804367065]
[0.9999995827674866, 0.9999997615814209, 0.9998047351837158, 1.0, 0.9999992847442627, 1.0, 0.8593789935112, 1.0, 1.0, 1.0, 1.0, 0.9997459650039673, 0.9999999403953552, 1.0, 0.9999904632568359]
[0.9999997615814209, 0.999998927116394, 0.9999999403953552, 0.9999741315841675, 1.0, 0.9999996423721313, 1.0, 0.9999377131462097, 1.0, 0.999779999256134, 0.9566311836242676, 1.0, 1.0, 1.0, 0.9999990463256836, 1.0, 0.5053927898406982]
[0.9990013241767883, 1.0, 0.9999999403953552, 0.9985855221748352, 1.0, 0.9999943971633911, 1.0, 0.9797043800354004, 1.0, 0.9998819828033447, 1.0, 0.9842156767845154, 0.9999995231628418, 0.9999998807907104, 1.0]
[0.9999996423721313, 0.9986690282821655, 0.9994730353355408, 1.0, 1.0, 0.999991774559021]
[0.9999998807907104, 1.0, 0.8170596361160278, 0.9848271012306213, 1.0, 1.0, 1.0, 0.9961823225021362, 0.9999998211860657, 0.9999995231628418, 1.0, 0.9999996423721313]
[0.9999948143959045, 0.9999998807907104, 0.9999996423721313, 1.0, 1.0, 1.0, 1.0, 1.0, 0.9958374500274658, 1.0, 1.0]
[0.9999889135360718, 1.0, 0.9999964237213135, 0.9999563694000244, 1.0, 0.9737103581428528, 1.0, 1.0, 1.0, 0.9999997615814209, 1.0, 1.0, 0.997342050075531, 1.0, 0.9996088743209839]
[1.0, 1.0, 1.0, 0.9999982118606567, 1.0, 1.0, 0.9999995231628418, 1.0, 1.0, 1.0, 1.0, 1.0, 0.9957399368286133, 0.9999973177909851, 1.0, 0.990159273147583]
[0.7091581225395203, 0.9997573494911194, 1.0, 1.0, 1.0, 1.0, 0.9999765157699585, 1.0, 1.0, 0.9999997615814209, 1.0, 0.9999999403953552, 1.0, 0.9998535513877869, 1.0, 1.0, 0.9999991655349731, 1.0, 1.0]
[1.0, 1.0, 1.0, 1.0, 1.0, 1.0, 0.9835654497146606, 1.0, 0.9999990463256836, 1.0, 1.0, 1.0, 0.9999999403953552, 1.0, 0.9848703145980835, 1.0, 1.0, 1.0, 1.0]
[1.0, 0.9999984502792358, 1.0, 0.858500063419342, 1.0, 1.0, 1.0, 1.0, 1.0, 0.9983291625976562, 1.0, 0.9999991059303284, 1.0, 1.0, 1.0, 1.0]
[0.999999463558197, 1.0, 0.9999990463256836, 1.0, 1.0, 1.0, 0.9999314546585083, 0.9999996423721313, 0.9999997615814209, 1.0, 1.0, 1.0, 0.9999524354934692, 0.9964103102684021, 1.0, 1.0, 1.0]
[0.9999996423721313, 1.0, 0.9992026686668396, 1.0, 0.9999998211860657, 0.9999998807907104, 1.0, 1.0, 0.9999966621398926, 0.9999999403953552, 1.0, 1.0, 1.0, 1.0, 1.0, 1.0, 1.0, 1.0, 1.0]
[1.0, 0.9999980926513672, 1.0, 1.0, 0.9999988675117493, 1.0, 1.0, 1.0, 1.0, 0.8052076101303101, 0.9999730587005615, 1.0, 1.0, 1.0]
[0.9999260902404785, 1.0, 1.0, 1.0, 0.9999998807907104, 0.9999998807907104, 0.9689098000526428, 0.9999303817749023, 0.9999996423721313, 0.9996088743209839, 0.9999998211860657, 0.9998902678489685, 1.0, 1.0]
[0.9999998807907104, 0.9999985694885254, 0.9999990463256836, 0.9999999403953552, 1.0, 0.9770630598068237, 0.9999998807907104, 1.0, 0.6255584359169006, 1.0, 0.5068517327308655, 1.0, 0.8128378987312317, 1.0, 1.0]
[1.0, 0.9999716281890869, 1.0, 1.0, 0.9995056986808777, 1.0, 0.9048678874969482, 0.9999998211860657, 0.9999964237213135, 1.0, 1.0, 1.0]
[0.999987781047821, 0.9999983906745911, 1.0, 1.0, 1.0, 0.9999995231628418, 0.9997288584709167, 0.9999011754989624, 0.9999967813491821, 0.9999999403953552, 1.0, 1.0, 1.0, 1.0, 1.0, 0.9999988675117493, 1.0, 0.9999998807907104, 1.0]
[0.8939234018325806, 0.9999995231628418, 1.0, 0.9982671737670898, 1.0, 1.0, 0.9985761642456055, 1.0, 1.0, 1.0, 0.9955955147743225, 1.0, 1.0, 0.9999990463256836, 1.0, 1.0, 1.0, 0.9999967813491821]
[0.9999998211860657, 0.9999955892562866, 0.9999970197677612, 0.991703450679779, 0.9994880557060242, 0.9999899864196777, 0.9027963280677795, 0.9999954700469971, 0.999904215335846, 1.0, 1.0]
[0.9999901652336121, 0.9999150633811951, 0.8829038143157959, 0.9999987483024597, 0.9990176558494568, 0.9997944831848145, 0.9955339431762695, 0.9998899698257446, 0.9999999403953552, 1.0, 0.9992046356201172, 1.0, 0.9999998807907104, 0.9999371767044067]
[0.9999704957008362, 0.9999840259552002, 0.9999996423721313, 0.9950098991394043, 0.9999996423721313, 0.9779108166694641, 0.9999997615814209, 0.9983755350112915, 0.8175491094589233, 0.9999721646308899, 1.0, 1.0, 1.0, 0.9999998807907104, 0.9886106252670288, 0.9996627569198608, 1.0, 0.9405912756919861]
[0.9999882578849792, 0.9998316764831543, 0.9999920725822449, 0.9999998211860657, 0.9999540448188782, 0.9999975562095642, 1.0, 1.0, 0.7335269451141357, 0.7978146076202393, 0.9999859929084778, 1.0, 1.0, 1.0, 0.9999760985374451]
[0.999731183052063, 1.0, 0.9999999403953552, 1.0, 1.0, 0.9733571410179138, 0.9999997615814209, 1.0, 1.0, 1.0, 0.9998266696929932, 1.0, 0.9999993443489075, 1.0, 1.0, 1.0, 1.0]
[0.9449496269226074, 0.9999998807907104, 1.0, 1.0, 1.0, 0.9685214161872864, 1.0, 0.9273311495780945, 0.999994695186615, 0.9999999403953552, 0.9999935030937195, 1.0]
[1.0, 1.0, 1.0, 1.0, 0.9969542026519775, 1.0, 0.9988657832145691, 0.9999985694885254, 1.0, 1.0, 1.0, 1.0, 1.0, 0.99985271692276, 1.0, 1.0]
[1.0, 1.0, 1.0, 0.9999996423721313, 1.0, 0.9534215331077576, 1.0, 1.0, 1.0, 0.9999441504478455, 1.0, 0.8464856147766113, 1.0]
[1.0, 0.9921039938926697, 0.9999987483024597, 0.9999999403953552, 0.8594667315483093, 1.0, 0.9999898672103882, 1.0, 0.9999910593032837, 0.9999929070472717, 0.9914227724075317, 1.0, 0.9999999403953552, 0.9999871253967285, 1.0, 0.9951598048210144, 0.999980628490448]
[1.0, 0.9999998807907104, 0.9999638795852661, 1.0, 0.9762574434280396, 0.9999478459358215, 1.0, 0.9999998807907104, 0.99993497133255, 0.9970661401748657, 0.9999992251396179, 0.9999999403953552, 0.6359334588050842, 1.0, 1.0, 1.0, 0.9999321103096008, 1.0, 0.9996556639671326]
[0.9836580753326416, 1.0, 1.0, 0.9562122225761414, 1.0, 0.9999991059303284]
[0.879052996635437, 1.0, 1.0, 0.9999993443489075, 1.0, 0.9999998211860657, 0.7785502076148987, 0.9994273781776428, 0.9966627955436707, 1.0, 0.9958221912384033, 1.0, 1.0, 0.7429748773574829, 1.0, 0.9996902346611023, 1.0, 1.0, 0.9999310374259949, 1.0]
[0.999974250793457, 1.0, 1.0, 1.0, 1.0, 1.0, 1.0, 0.9999895095825195, 0.9999998211860657, 0.9999339580535889, 1.0, 1.0, 1.0, 1.0, 0.9965922236442566, 0.9122539758682251]
[0.998927652835846, 1.0, 0.9997751712799072, 1.0, 1.0, 1.0, 1.0, 0.953682005405426, 1.0, 1.0, 1.0, 1.0, 1.0, 1.0, 1.0, 1.0]
[0.9998674392700195, 1.0, 1.0, 1.0, 1.0, 1.0, 1.0, 1.0, 1.0, 1.0, 1.0, 1.0, 0.9999997615814209, 0.9999784827232361, 1.0, 0.999993085861206, 1.0, 1.0]
[0.9766319394111633, 1.0, 1.0, 0.9999998807907104, 0.9986473917961121, 1.0, 1.0, 1.0, 0.9999999403953552, 1.0, 1.0, 1.0, 1.0, 0.9983202815055847, 1.0, 1.0]
[0.9999998807907104, 1.0, 1.0, 1.0, 1.0, 1.0, 0.9999996423721313, 1.0, 0.9999995231628418, 0.9999998211860657, 1.0, 1.0, 0.999998152256012, 1.0, 0.9622792601585388, 0.732888400554657, 1.0]
[0.9999999403953552, 1.0, 0.9991232752799988, 0.9999998211860657, 0.9996392726898193, 0.9999998807907104, 1.0, 1.0, 0.9999924898147583, 1.0, 1.0, 0.9888873100280762, 1.0]
[1.0, 1.0, 1.0, 1.0, 1.0, 0.9999998807907104, 1.0, 0.9999951720237732, 0.7954704165458679, 1.0, 0.9999987483024597, 0.9996414184570312, 0.9999999403953552, 0.6708391904830933, 1.0, 0.9935606122016907]
[0.9999866485595703, 0.9999982714653015, 0.9999174475669861, 0.9999995231628418, 0.9999958276748657, 0.9999904632568359, 1.0, 0.9999998807907104, 0.9987598657608032, 1.0, 1.0, 0.93699049949646, 1.0, 0.9999998807907104, 0.9999990463256836, 0.9999258518218994, 1.0, 0.999961256980896, 0.9998424649238586, 0.9999971389770508, 0.9984899759292603]
[0.9825040698051453, 1.0, 0.9999910593032837, 1.0, 0.9999406337738037, 1.0, 0.9875717163085938, 1.0, 0.9999974370002747, 0.999897301197052, 0.9999996423721313, 1.0, 1.0, 0.9999973177909851, 1.0, 1.0]
[1.0, 1.0, 0.9983675479888916, 0.9919334650039673, 1.0, 0.9999926686286926, 0.9999976754188538, 0.9999417662620544, 1.0, 0.9989864826202393, 1.0, 1.0, 0.9999986886978149, 0.9952511787414551, 1.0, 1.0, 0.9999996423721313, 1.0]
[0.9999964237213135, 1.0, 1.0, 0.9520650506019592, 1.0, 0.9999998807907104, 1.0, 1.0, 0.9999992847442627, 0.9999994039535522, 0.9999760389328003, 0.999994158744812, 0.9999998807907104, 1.0]
[0.99692302942276, 1.0, 1.0, 1.0, 1.0, 0.9999998807907104, 0.9999998211860657]
[1.0, 0.6351782083511353, 0.9999999403953552, 0.9999884366989136, 0.9999999403953552, 1.0, 1.0, 1.0, 1.0, 0.9999991655349731, 0.9996821284294128, 0.997524619102478, 0.9999988079071045, 0.999980092048645, 1.0]
[0.996772289276123, 0.97879558801651, 1.0, 0.8780357241630554, 1.0, 1.0, 0.9999998807907104, 0.999994695186615, 0.9898962378501892, 0.9863399267196655]
[0.9986090064048767, 0.9999996423721313, 1.0, 1.0, 0.9948312044143677, 1.0, 1.0, 0.9998550415039062, 0.9871119856834412, 0.9999459981918335, 1.0, 1.0, 0.9999998211860657, 0.9999995231628418, 1.0, 0.9999992847442627, 1.0]
[0.9977293610572815, 0.9169277548789978, 0.9999212026596069, 0.9999999403953552, 1.0, 1.0, 1.0, 0.9999976754188538, 0.9573660492897034, 1.0, 1.0, 1.0, 0.9999955892562866]
[1.0, 0.9999988675117493, 0.9999999403953552, 0.9976030588150024, 1.0, 1.0, 1.0, 0.9997860789299011, 0.9998214244842529, 1.0, 0.9999999403953552, 1.0, 1.0, 0.9999929666519165, 0.9999993443489075, 1.0, 1.0, 1.0, 1.0]
[1.0, 1.0, 1.0, 0.9990419745445251, 1.0, 1.0, 0.9999998211860657, 1.0, 0.9999997615814209, 0.9999996423721313, 1.0, 0.5965233445167542, 0.9999919533729553, 0.9999998211860657, 1.0, 1.0]
[1.0, 0.9999992847442627, 1.0, 1.0, 1.0, 1.0, 0.998245120048523, 1.0, 1.0, 1.0, 1.0, 0.9993553161621094, 1.0, 1.0, 0.9999999403953552, 0.9999998807907104, 1.0]
[0.8484302163124084, 1.0, 0.999998927116394, 0.9999996423721313, 0.8359152674674988, 0.9999851584434509, 1.0, 1.0, 1.0, 1.0, 1.0, 1.0, 1.0, 0.9999770522117615]
[0.9999868869781494, 0.9998805522918701, 1.0, 1.0, 0.9218982458114624, 1.0, 0.9995955228805542, 1.0, 1.0, 1.0, 0.9999939203262329, 1.0, 0.9971244931221008, 1.0, 1.0, 1.0, 0.9985707402229309, 0.9999932050704956]
[0.9988855719566345, 1.0, 1.0, 1.0, 0.9996610283851624, 1.0, 0.9999991059303284, 1.0, 0.9999773502349854, 1.0, 1.0, 1.0]
[1.0, 0.9374319911003113, 1.0, 0.9999271631240845, 0.9999346137046814, 0.9987978935241699, 1.0, 0.9999437928199768, 1.0, 0.9999996423721313, 0.9986771941184998, 1.0, 0.99993497133255, 0.9954063296318054, 0.9999955892562866]
[0.9999996423721313, 1.0, 1.0, 1.0, 0.9999935030937195, 0.9835788607597351, 1.0, 1.0, 0.9999640583992004, 1.0, 1.0, 0.9981943368911743, 1.0]
[1.0, 0.9577159881591797, 1.0, 0.9999997615814209, 0.9962551593780518, 1.0, 1.0]
[0.9989807605743408, 0.9999895691871643, 1.0, 0.9999996423721313, 0.9999925494194031, 1.0, 0.9999375939369202, 1.0, 1.0, 1.0, 0.9999883770942688, 1.0, 1.0, 0.9999591708183289, 1.0, 1.0, 0.9906773567199707, 1.0]
[1.0, 1.0, 1.0, 1.0, 0.9999998807907104, 1.0, 1.0, 0.9339248538017273, 1.0, 0.5100462436676025, 0.986331582069397, 0.9807161092758179, 0.9999999403953552, 0.9999872446060181, 1.0]
[0.999997079372406, 0.9999998211860657, 1.0, 1.0, 1.0, 0.9999902844429016, 1.0, 1.0, 1.0, 0.999981701374054, 1.0, 1.0, 0.9999998211860657, 0.9890779256820679, 0.9912446141242981]
[0.9999995231628418, 0.9999307990074158, 0.9999756217002869, 0.9999996423721313, 0.9993419647216797, 0.999998927116394, 0.9999148845672607, 1.0, 1.0, 1.0, 0.9999957084655762, 0.9999996423721313, 0.9999995827674866, 1.0, 0.9999971985816956, 1.0, 0.9999998807907104, 1.0, 1.0, 0.9999999403953552]
[0.9999996423721313, 0.9999823570251465, 0.9828466176986694, 1.0, 0.9999641180038452, 1.0, 0.9999996423721313, 1.0, 1.0, 0.9999866485595703, 0.9999997615814209, 1.0, 1.0, 0.999999463558197, 1.0, 1.0]
[0.9999992847442627, 1.0, 0.9999896883964539, 1.0, 0.9999987483024597, 1.0, 1.0, 0.9999999403953552, 1.0, 1.0, 0.9980388283729553, 0.9999998807907104, 1.0, 0.9125030636787415, 1.0]
[0.9999996423721313, 1.0, 1.0, 1.0, 1.0, 1.0, 0.999999463558197, 0.9999938607215881, 0.9999752640724182, 0.9999719262123108, 0.9999971389770508, 0.9999914765357971, 0.9999999403953552, 0.9999996423721313]
[0.9999978542327881, 1.0, 1.0, 1.0, 1.0, 0.9999998807907104, 0.9741920828819275, 1.0, 1.0, 0.5375578999519348, 1.0, 0.9965102076530457, 1.0]
[0.9993411898612976, 0.9996257424354553, 0.9988097548484802, 1.0, 1.0, 0.9999999403953552, 1.0, 1.0, 1.0, 0.9999998211860657, 1.0, 0.9999834895133972, 1.0, 1.0, 0.9339995980262756, 1.0, 0.9999943971633911, 1.0]
[0.9703316688537598, 1.0, 1.0, 1.0, 1.0, 1.0, 0.9999998211860657, 0.9998047947883606, 1.0, 0.999996542930603, 0.9999990463256836, 1.0, 0.9999996423721313, 1.0, 1.0, 1.0, 1.0, 1.0]
[1.0, 0.9999809265136719, 1.0, 0.9999902844429016, 0.9999999403953552, 1.0, 1.0, 0.9999999403953552, 1.0, 0.9394842386245728, 1.0, 0.9999998807907104, 1.0, 1.0, 0.9999984502792358, 1.0, 0.9919633865356445]
[1.0, 1.0, 0.9999963045120239, 1.0, 1.0, 1.0, 0.9999999403953552, 0.9999997615814209, 1.0, 0.9999997615814209, 1.0, 0.9999999403953552, 1.0, 1.0, 1.0]
[1.0, 1.0, 0.9999650120735168, 0.9883543848991394, 0.9996947050094604, 1.0, 1.0]
[1.0, 0.9999621510505676, 1.0, 0.8826595544815063, 1.0, 0.5730613470077515, 1.0, 1.0, 1.0, 1.0, 1.0, 1.0]
[0.9830049872398376, 1.0, 0.9999999403953552, 1.0, 1.0, 0.9999963045120239, 1.0, 0.885283887386322]
[1.0, 0.9843359589576721, 1.0, 1.0, 1.0, 0.9999998807907104, 1.0, 0.9999992847442627, 1.0, 1.0, 1.0, 1.0, 1.0, 1.0]
[1.0, 0.9999999403953552, 1.0, 0.9999999403953552, 0.9999923706054688, 1.0, 1.0, 1.0, 1.0, 1.0, 0.9654148817062378, 0.9999998807907104, 1.0]
[0.9688565731048584, 0.9772621393203735, 1.0, 1.0, 1.0, 1.0, 0.9999667406082153, 1.0, 1.0, 1.0, 1.0, 0.9888701438903809, 0.9999840259552002, 1.0, 1.0, 1.0, 1.0]
[1.0, 1.0, 1.0, 0.8943768739700317, 1.0, 1.0, 0.9943814873695374, 1.0, 0.9999990463256836, 1.0]
[0.9999985694885254, 0.999997079372406, 1.0, 0.9999974370002747, 1.0, 1.0, 0.9998356699943542, 0.9777390956878662, 1.0, 1.0, 1.0, 1.0, 1.0, 1.0, 1.0, 1.0, 1.0, 1.0, 1.0]
[0.999996542930603, 1.0, 1.0, 1.0, 1.0, 0.9999991655349731, 1.0, 0.999998927116394, 1.0, 0.8692394495010376, 1.0, 1.0]
[1.0, 1.0, 1.0, 1.0, 1.0, 1.0, 1.0, 1.0, 0.9999996423721313, 1.0, 1.0, 1.0, 0.9999999403953552, 1.0, 1.0, 1.0, 1.0, 1.0]
[0.9999998807907104, 1.0, 1.0, 1.0, 1.0, 1.0, 1.0, 1.0, 0.9964842200279236]
[0.9994032979011536, 1.0, 0.9999992847442627, 0.9999922513961792, 1.0, 1.0, 0.9999820590019226, 1.0, 1.0, 1.0, 1.0, 1.0, 0.9999975562095642, 0.9999974370002747, 1.0, 1.0, 1.0, 0.9986932873725891]
[1.0, 0.7551000714302063, 1.0, 1.0, 1.0, 0.9999971389770508, 0.9999999403953552, 0.9999998807907104, 1.0, 0.9999886155128479, 1.0, 0.9999865889549255, 1.0, 0.9999998211860657, 1.0, 1.0]
[0.9999995231628418, 1.0, 0.9999435544013977, 0.9999370574951172, 1.0, 0.5398134589195251, 1.0]
[1.0, 1.0, 1.0, 1.0, 0.9999999403953552, 1.0, 0.9999991655349731, 1.0, 1.0, 0.9988248944282532, 0.9999973177909851, 1.0, 1.0]
[0.9999958276748657, 0.9999233484268188, 1.0, 0.9999999403953552, 0.9999907612800598, 0.9999995827674866, 1.0, 0.931662917137146, 1.0, 1.0, 1.0, 0.9999995231628418, 0.9999020099639893, 1.0, 0.9959277510643005, 0.9999977350234985, 1.0]
[1.0, 0.9999995231628418, 0.9998912215232849, 0.9999855756759644, 0.9892789721488953, 0.9826522469520569, 1.0, 1.0, 0.9999992847442627, 1.0, 1.0, 0.9999814629554749, 1.0, 1.0]
[0.9999904632568359, 1.0, 0.9999998211860657, 0.8189359307289124, 0.9985971450805664, 0.9905610680580139, 0.9999990463256836, 1.0, 1.0, 1.0, 1.0, 0.9999999403953552, 1.0, 0.9848843812942505, 0.9999969005584717]
[0.9999996423721313, 0.9999998807907104, 0.9999937415122986, 0.9999999403953552, 1.0, 1.0, 1.0, 1.0, 0.9999573230743408, 1.0, 0.9999716281890869, 0.9999975562095642, 1.0, 1.0, 0.9999362826347351]
[1.0, 1.0, 0.9999913573265076, 1.0, 1.0, 1.0, 1.0, 0.8552243113517761, 1.0, 1.0, 1.0, 0.9999895095825195, 1.0, 1.0, 0.9564729928970337, 1.0, 1.0, 1.0]
[1.0, 1.0, 0.9920639395713806, 1.0, 0.9999998807907104, 0.9995406866073608, 0.9255843162536621, 0.9996565580368042, 1.0, 1.0, 1.0, 0.9328879117965698, 0.9999983906745911, 1.0, 1.0, 1.0, 1.0, 1.0, 0.9999993443489075]
[0.9999997615814209, 1.0, 0.9999999403953552, 0.9999999403953552, 1.0, 1.0, 0.7712498903274536, 1.0, 0.8495041728019714, 1.0, 0.9999999403953552, 1.0, 1.0, 1.0, 1.0]
[1.0, 1.0, 1.0, 0.9999999403953552, 0.9999998211860657, 1.0, 1.0, 1.0, 0.9998891949653625, 1.0, 0.9999998807907104, 0.889376163482666, 1.0, 1.0, 0.999994158744812, 1.0, 0.999998152256012, 1.0, 1.0, 1.0]
[0.9988783597946167, 1.0, 1.0, 1.0, 0.9999992847442627, 1.0, 1.0, 1.0, 1.0, 0.9999992251396179, 1.0, 1.0, 1.0, 0.9975791573524475, 1.0, 1.0, 0.9955505728721619, 1.0, 1.0]
[0.7551972270011902, 1.0, 0.9874927401542664, 1.0, 1.0, 0.9999948143959045, 0.9997630715370178]
[1.0, 0.9999945759773254, 1.0, 1.0, 1.0, 0.9872392416000366, 1.0, 0.9999875426292419, 0.9999998807907104]
[1.0, 0.9999971985816956, 1.0, 0.9982940554618835, 1.0, 1.0, 1.0]
[1.0, 1.0, 0.8078337907791138, 1.0, 1.0, 0.5839394330978394, 1.0, 1.0, 1.0, 1.0, 1.0, 0.5263012647628784, 1.0, 1.0]
[1.0, 1.0, 0.9990322589874268, 1.0, 1.0, 0.9922002553939819, 1.0, 1.0, 1.0, 1.0, 1.0, 1.0, 1.0, 0.9999879598617554, 0.9999998807907104, 0.9197765588760376]
[1.0, 1.0, 1.0, 1.0, 1.0, 1.0, 1.0, 1.0, 1.0, 0.9999999403953552, 1.0, 1.0, 1.0, 0.9988343715667725, 1.0, 1.0, 1.0, 0.9948086142539978, 1.0, 1.0, 1.0, 1.0, 0.9999949336051941, 1.0, 0.9999896883964539]
[1.0, 1.0, 0.9999995231628418, 0.9996986985206604, 0.999993085861206, 0.9999998807907104, 1.0, 1.0, 0.9999969005584717, 0.9999984502792358, 0.9999998807907104, 1.0, 1.0, 0.9999996423721313, 1.0, 1.0, 1.0, 1.0, 1.0, 1.0]
[1.0, 0.9923740029335022, 1.0, 1.0, 1.0, 1.0, 1.0, 1.0, 1.0, 1.0, 1.0, 1.0, 1.0, 0.9998218417167664]
[1.0, 0.9999595880508423, 1.0, 0.9998354315757751, 1.0, 1.0, 1.0, 1.0, 1.0, 1.0, 0.9999951124191284, 1.0, 1.0, 1.0, 1.0, 1.0]
[1.0, 1.0, 1.0, 0.9999998807907104, 1.0, 1.0, 1.0, 1.0, 1.0, 1.0, 0.5552263855934143]
[1.0, 0.9999999403953552, 0.9997743964195251, 0.9999916553497314, 0.9999922513961792, 1.0, 0.9999992251396179, 1.0, 0.9979469776153564, 1.0, 1.0, 1.0]
[0.9999982714653015, 0.9999998807907104, 1.0, 1.0, 1.0, 1.0, 1.0, 1.0, 1.0, 0.9999998807907104, 1.0, 0.999998927116394, 1.0, 1.0, 1.0, 0.9982606768608093]
[0.999993085861206, 1.0, 1.0, 1.0, 1.0, 1.0, 1.0, 1.0, 1.0, 1.0, 0.999740719795227, 1.0]
[1.0, 1.0, 1.0, 0.9999999403953552, 0.9923043847084045, 1.0, 0.9067034721374512, 0.7264524102210999, 1.0, 0.9999945759773254, 1.0, 1.0, 1.0, 1.0]
[0.9997837543487549, 0.999996542930603, 0.9999769926071167, 1.0, 1.0, 1.0, 0.9980695247650146, 1.0, 1.0, 1.0, 1.0, 0.99998939037323, 0.9494777917861938, 1.0, 1.0, 1.0, 1.0]
[1.0, 1.0, 1.0, 1.0, 0.986806333065033, 1.0, 0.999994158744812]
[0.6847068071365356, 1.0, 1.0, 1.0, 1.0, 0.9999814033508301, 1.0, 1.0, 1.0, 1.0, 1.0, 1.0, 1.0, 0.9951820969581604, 1.0, 0.9999496340751648, 0.9999998807907104, 1.0, 1.0, 1.0]
[0.9999963045120239, 0.9999998211860657, 1.0, 0.9999555945396423, 1.0, 1.0, 1.0, 1.0, 1.0, 1.0, 1.0, 0.9999369382858276, 1.0]
[1.0, 1.0, 1.0, 1.0, 0.9999983906745911, 1.0, 1.0, 0.9999943971633911, 0.9998219609260559, 1.0, 1.0, 1.0, 1.0, 0.9999852180480957, 0.9999178647994995, 1.0, 0.9969216585159302, 0.9337176084518433]
[1.0, 0.9999375939369202, 1.0, 0.9998717904090881, 0.9999998807907104, 1.0, 1.0, 1.0, 0.9999998211860657, 1.0, 1.0, 1.0, 1.0, 1.0, 0.9993586540222168, 1.0, 1.0, 1.0, 1.0]
[1.0, 1.0, 0.9904064536094666, 1.0, 1.0, 1.0, 1.0, 1.0, 1.0, 1.0, 1.0, 1.0, 1.0]
[1.0, 1.0, 1.0, 1.0, 0.9999966621398926, 1.0, 1.0, 0.7146927714347839]
[1.0, 1.0, 1.0, 0.9999985694885254, 0.9999996423721313, 1.0, 1.0, 1.0, 1.0, 1.0, 1.0, 1.0, 1.0, 1.0, 1.0, 1.0, 1.0]
[0.9999052286148071, 1.0, 1.0, 1.0, 1.0, 0.9890682101249695, 1.0, 0.9999996423721313, 0.9999970197677612, 1.0, 1.0, 1.0, 0.9999789595603943, 1.0]
[1.0, 0.5122594237327576, 1.0, 1.0, 1.0, 1.0, 0.9999933242797852, 1.0, 1.0, 1.0, 1.0, 1.0, 1.0]
[0.9999992847442627, 1.0, 1.0, 0.9987847208976746, 0.9999865889549255, 1.0, 1.0, 0.9744296669960022, 0.9999877214431763, 1.0, 1.0, 1.0]
[1.0, 1.0, 1.0, 0.9993646144866943, 1.0, 0.9999998807907104, 0.9999987483024597, 0.9925183057785034, 0.9999996423721313]
[1.0, 1.0, 0.999999463558197, 0.9999980926513672, 1.0, 1.0, 1.0, 0.9926051497459412, 1.0, 1.0, 0.9999992847442627, 1.0, 1.0, 1.0]
[1.0, 1.0, 0.9999998807907104, 1.0, 0.9999619126319885, 1.0, 0.99808269739151, 1.0, 0.9911004304885864, 0.9999999403953552]
[0.9999999403953552, 0.9999998807907104, 1.0, 1.0, 1.0, 1.0, 1.0, 1.0, 1.0, 0.9975448846817017, 1.0, 1.0, 0.9998819231987, 1.0, 1.0, 1.0, 1.0]
[1.0, 1.0, 1.0, 0.9999999403953552, 1.0, 1.0, 0.9999998211860657, 1.0, 1.0, 1.0, 0.5084170699119568, 1.0]
[1.0, 1.0, 1.0, 1.0, 1.0, 1.0, 1.0, 1.0, 0.9999926686286926, 1.0, 1.0, 1.0, 1.0, 1.0, 0.9986374974250793]
[1.0, 0.9939588308334351, 0.944088339805603, 0.9999999403953552, 1.0, 1.0, 1.0, 1.0, 0.9415432214736938, 1.0, 1.0, 1.0, 1.0, 0.9999999403953552, 1.0, 0.9999996423721313, 1.0]
[0.9999987483024597, 1.0, 1.0, 0.999998927116394, 1.0, 1.0, 0.9999999403953552, 1.0, 0.9999204874038696, 1.0, 1.0, 0.999998927116394]
[0.9999998211860657, 1.0, 1.0, 1.0, 1.0, 0.9999996423721313, 1.0, 0.9999996423721313, 1.0, 1.0, 1.0, 1.0, 0.7299546599388123, 1.0, 1.0, 1.0, 0.9999993443489075]
[0.9999852180480957, 1.0, 0.9960955381393433, 0.9999998807907104, 1.0, 1.0, 1.0, 0.9851699471473694, 1.0, 1.0, 1.0, 0.9999293088912964, 1.0, 1.0, 0.999987006187439]
[1.0, 1.0, 1.0, 1.0, 1.0, 0.999998927116394, 1.0, 1.0, 1.0]
[0.999314546585083, 0.9999966621398926, 0.9999994039535522, 1.0, 1.0, 1.0, 1.0, 1.0, 1.0, 0.9999998807907104, 1.0, 1.0, 1.0, 1.0, 1.0]
[0.9999397397041321, 0.5397683382034302, 1.0, 1.0, 0.9999991059303284, 1.0, 1.0, 1.0, 0.9999998807907104, 1.0, 0.9999948143959045, 1.0, 1.0]
[0.9707295894622803, 1.0, 1.0, 1.0, 0.9999511241912842, 1.0, 0.5734307765960693, 1.0, 1.0, 1.0, 1.0]
[1.0, 1.0, 1.0, 0.9809374213218689, 0.9999834299087524, 1.0, 1.0, 1.0, 0.9990592002868652, 1.0, 0.9999904632568359, 1.0, 1.0, 1.0, 1.0, 0.5693719387054443, 1.0]
[0.9999999403953552, 0.999981164932251, 1.0, 0.920512318611145, 1.0, 1.0, 1.0]
[1.0, 1.0, 0.9999999403953552, 1.0, 0.9999999403953552, 1.0, 1.0, 0.9999973177909851, 1.0, 1.0, 1.0, 1.0, 1.0, 1.0]
[1.0, 0.9975306391716003, 0.9999859929084778, 0.9249652624130249, 1.0, 1.0, 1.0, 1.0]
[0.9999805688858032, 1.0, 1.0, 0.972925066947937, 1.0, 1.0, 1.0, 1.0, 1.0, 1.0, 0.9990781545639038, 0.9847936034202576, 0.9996140003204346, 0.9999986886978149, 0.999998927116394]
[1.0, 1.0, 1.0, 1.0, 0.9989508986473083, 1.0, 0.9999987483024597, 0.9685525894165039, 1.0, 0.8679337501525879, 0.9997924566268921, 1.0, 1.0, 1.0]
[0.9999984502792358, 0.9903172254562378, 0.9999977350234985, 1.0, 0.9921457171440125, 1.0, 0.9982169270515442, 1.0, 1.0]
[1.0, 1.0, 1.0, 1.0, 1.0, 1.0, 0.9999998807907104, 1.0, 1.0, 1.0, 1.0, 1.0, 1.0, 1.0, 1.0, 1.0]
[1.0, 1.0, 0.9559624791145325, 1.0, 1.0, 0.9999955892562866, 1.0, 1.0, 1.0, 0.9999681115150452, 1.0, 1.0, 1.0, 0.9999988675117493, 1.0, 1.0]
[1.0, 0.9993838667869568, 1.0, 1.0, 1.0, 1.0, 1.0, 1.0, 1.0, 1.0, 0.9995455741882324, 1.0, 1.0]
[0.9999276995658875, 1.0, 1.0, 1.0, 1.0, 1.0, 0.9927071332931519, 0.9999986886978149, 1.0, 1.0, 1.0, 1.0, 0.9999984502792358, 1.0, 0.9856582283973694, 1.0]
[1.0, 1.0, 1.0, 1.0, 1.0, 1.0, 1.0, 0.9826444983482361, 1.0, 1.0, 1.0, 1.0, 0.9998239874839783, 0.998060405254364, 1.0, 1.0, 1.0]
[0.9999990463256836, 1.0, 1.0, 1.0, 1.0, 1.0, 1.0, 1.0, 1.0, 1.0, 0.5383678078651428, 1.0]
[1.0, 1.0, 1.0, 1.0, 1.0, 1.0, 0.9999999403953552, 1.0, 1.0, 0.9768221378326416, 1.0, 1.0]
[1.0, 0.9999999403953552, 1.0, 1.0, 0.9999665021896362, 0.9999995231628418, 1.0, 1.0, 0.9999995231628418]
[0.9998836517333984, 0.9999383687973022, 1.0, 1.0, 1.0, 1.0, 1.0, 1.0, 1.0, 0.8064993023872375, 0.9743803143501282, 0.9999718070030212, 0.9973416328430176, 0.9963308572769165, 1.0, 1.0, 1.0]
[0.9999993443489075, 0.9999995231628418, 0.9794884324073792, 1.0, 1.0, 0.999737024307251, 1.0, 1.0, 1.0, 0.9997994303703308]
[0.9999485611915588, 0.9999784231185913, 1.0, 0.9794654250144958, 1.0, 1.0, 0.9996265172958374, 0.9988836050033569, 1.0, 0.9999990463256836, 1.0, 1.0, 0.9999269247055054]
[1.0, 1.0, 0.9999688267707825, 1.0, 1.0, 0.9994731545448303, 1.0, 1.0, 1.0, 1.0, 1.0, 0.9999991059303284, 0.9999998807907104, 1.0, 0.9994922876358032, 1.0, 0.9922114610671997, 0.998940646648407]
[0.999754011631012, 1.0, 1.0, 1.0, 1.0, 1.0, 1.0, 1.0, 0.9998866319656372, 1.0, 1.0, 1.0, 1.0, 0.9999923706054688, 1.0, 1.0, 1.0, 1.0]
[1.0, 1.0, 0.9992073178291321, 1.0, 1.0, 0.9999988675117493, 1.0, 0.9999999403953552, 1.0, 1.0, 0.9999963045120239, 1.0]
[1.0, 1.0, 1.0, 1.0, 0.752914309501648, 1.0, 1.0, 1.0, 0.9999971389770508, 1.0, 1.0, 1.0, 1.0, 1.0, 1.0, 1.0, 1.0, 1.0, 1.0]
[1.0, 0.9999995231628418, 0.9999871253967285, 1.0, 1.0, 1.0, 1.0, 1.0, 1.0, 1.0, 1.0, 0.9999999403953552, 1.0, 0.9947159290313721, 1.0, 0.9999996423721313]
[0.7929338812828064, 1.0, 1.0, 1.0, 1.0, 1.0, 0.9999998807907104, 1.0, 1.0, 1.0, 1.0, 0.999998152256012, 1.0, 0.9968593120574951, 0.9999997615814209, 1.0, 1.0, 1.0, 1.0, 0.9999998807907104, 0.9999886155128479]
[1.0, 0.9999997615814209, 0.7510502338409424, 1.0, 1.0, 1.0, 1.0, 1.0, 1.0, 1.0, 0.9999781250953674]
[1.0, 1.0, 1.0, 1.0, 0.9999998807907104, 0.9986990690231323, 1.0, 0.9998724460601807, 0.9999774694442749, 1.0, 0.9999896883964539, 0.9999998211860657, 1.0, 1.0]
[1.0, 1.0, 0.9999926686286926, 0.9999889135360718, 1.0, 1.0, 0.9996062517166138, 1.0, 1.0, 1.0, 1.0, 1.0, 1.0, 1.0, 0.999999463558197, 1.0, 1.0]
[1.0, 1.0, 1.0, 1.0, 1.0, 1.0, 1.0, 1.0]
[1.0, 1.0, 1.0, 1.0, 1.0, 0.9990053772926331, 1.0, 1.0, 0.9999991059303284, 1.0, 1.0, 0.9818500876426697, 1.0, 1.0, 1.0]
[1.0, 1.0, 1.0, 1.0, 0.9766067862510681, 0.9999999403953552, 1.0, 0.9999973177909851, 1.0, 1.0, 0.9999440312385559]
[1.0, 1.0, 0.9999957084655762, 1.0, 1.0, 0.9996262192726135, 1.0, 0.9996505379676819, 1.0, 1.0, 0.998569667339325, 0.9999997615814209, 1.0, 1.0, 1.0, 1.0, 1.0, 1.0, 0.9966676831245422, 1.0]
[1.0, 0.9999995231628418, 1.0, 1.0, 0.9999985694885254, 0.9996024966239929, 1.0, 1.0, 1.0, 1.0, 1.0, 1.0]
[0.9997854232788086, 1.0, 1.0, 0.9999997615814209, 1.0, 0.9999998211860657, 1.0, 0.9881269931793213, 1.0, 1.0]
[1.0, 1.0, 0.9998733997344971, 0.9999996423721313, 1.0, 0.9999998211860657, 1.0, 1.0, 1.0, 0.9999998807907104, 0.9999999403953552, 1.0, 1.0, 1.0, 0.9999987483024597, 1.0, 1.0, 1.0]
[0.9999923706054688, 0.9999821782112122, 0.999999463558197, 1.0, 1.0, 0.998954176902771, 1.0, 1.0, 1.0, 1.0, 1.0, 1.0, 1.0, 0.9560140371322632, 0.9999959468841553, 0.9340392351150513]
[0.9999697804450989, 0.9999999403953552, 1.0, 0.9964021444320679, 1.0, 1.0, 1.0, 1.0, 1.0, 0.9999998807907104, 0.8900809288024902, 1.0, 1.0, 0.9999892115592957]
[0.9999995827674866, 1.0, 0.9999994039535522, 1.0, 1.0, 1.0, 0.9999901652336121, 1.0, 0.999998927116394, 0.9999114871025085, 1.0, 1.0, 0.9147818684577942, 1.0, 1.0, 1.0, 0.9907721877098083, 0.9998437762260437, 1.0]
[0.7360773682594299, 0.9999999403953552, 1.0, 1.0, 1.0, 1.0, 1.0, 0.9999998211860657, 0.9974580407142639, 0.9865193367004395, 1.0, 1.0, 1.0, 1.0, 1.0, 1.0, 1.0]
[1.0, 1.0, 0.9999983906745911, 0.9999989867210388, 0.9863370060920715, 1.0, 1.0, 1.0, 1.0, 0.9993239045143127, 1.0, 1.0]
[1.0, 1.0, 1.0, 1.0, 0.9507312178611755, 1.0, 0.9999957084655762, 1.0, 1.0, 1.0, 1.0, 0.9996861219406128, 1.0, 0.9928891658782959, 1.0, 0.9939160346984863, 1.0, 1.0, 1.0]
[0.9999998211860657, 0.9999978542327881, 1.0, 1.0, 1.0, 0.9902241826057434]
[0.9999999403953552, 1.0, 1.0, 0.9998651742935181, 1.0, 0.9999487996101379, 1.0, 1.0, 1.0, 0.9999545216560364, 1.0, 1.0, 0.9937523603439331, 1.0, 1.0]
[0.9999874234199524, 1.0, 0.991003692150116, 1.0, 0.9688251614570618]
