0.7543874979019165
0.9714021682739258
0.8769607543945312
0.9112629890441895
0.8882803916931152
0.7938908338546753
0.8863565325737
0.9290749430656433
0.9526235461235046
0.9578572511672974
0.9460495710372925
0.9393576383590698
0.9607560634613037
0.906171441078186
0.9786667227745056
0.9693313241004944
0.9351513981819153
0.9550507068634033
0.9745116829872131
0.9804072380065918
0.973206102848053
0.9788535833358765
0.9840674996376038
0.9830710291862488
0.9983166456222534
0.9704136252403259
0.9437000751495361
0.9736177325248718
0.9591453671455383
0.9135623574256897
0.9664573073387146
0.9605264067649841
0.9569287300109863
0.9946881532669067
0.9425848722457886
0.9458796381950378
0.9550522565841675
0.9227226972579956
0.878522515296936
0.9685841798782349
0.9372299909591675
0.9416204690933228
0.9896153211593628
0.9939912557601929
0.9046800136566162
0.9506703615188599
0.9473785758018494
0.9442697167396545
0.9478064775466919
0.9937154054641724
0.9653564691543579
0.9323638677597046
0.9998753666877747
0.9973253607749939
0.969666600227356
0.9593062996864319
0.9889158010482788
0.9937575459480286
0.9992087483406067
0.9609588980674744
0.98038250207901
0.9941544532775879
0.9897531867027283
0.9770934581756592
0.9953191876411438
0.9959833025932312
0.9737470746040344
0.984948456287384
0.9748414754867554
0.9982101917266846
0.9988594055175781
0.9999571442604065
0.9994869828224182
0.9777681231498718
0.9841020107269287
0.9997504353523254
0.9783557653427124
0.9999508857727051
0.9989892244338989
0.9814969897270203
0.9982640743255615
0.9814454913139343
0.9727159142494202
0.9739046692848206
0.9992703199386597
0.9936083555221558
0.986853837966919
0.9698325991630554
0.9980466365814209
0.9905473589897156
0.9979872703552246
0.955024242401123
0.9999505281448364
0.9676421880722046
0.9984423518180847
0.9982227087020874
0.9801088571548462
0.9994431138038635
0.9842910766601562
0.958174467086792
0.9698922038078308
0.9994632005691528
0.978998064994812
0.9999987483024597
0.9886217713356018
0.9914302825927734
0.999291718006134
0.9981880187988281
0.9998542070388794
0.9877879619598389
0.9896719455718994
0.991157591342926
0.9896659851074219
0.9905946850776672
0.9683359861373901
0.9974255561828613
0.999688982963562
0.9831723570823669
0.9996210932731628
0.9980401992797852
0.9991183876991272
0.9846707582473755
0.9983386993408203
0.9910516738891602
0.9997819066047668
0.9999578595161438
0.9860841631889343
0.9977332353591919
0.928153932094574
0.9920284748077393
0.999979555606842
0.9936865568161011
0.9903517961502075
0.9911561608314514
0.9843131303787231
0.9687378406524658
0.998406708240509
0.9867324829101562
0.9997294545173645
0.9846039414405823
0.9904760718345642
0.9794047474861145
0.9899782538414001
0.9696056246757507
0.9942964911460876
0.9970240592956543
0.9999911189079285
0.9983499646186829
0.9820684790611267
0.9990494251251221
0.9662190675735474
0.9968501925468445
0.9981187582015991
0.9991371631622314
0.9965736269950867
0.9995604157447815
0.975490152835846
0.982983410358429
0.9988441467285156
0.9901490807533264
0.99985271692276
0.9747222661972046
0.9998588562011719
0.9774504899978638
0.9953911900520325
0.9998769760131836
0.9953367114067078
0.9985947012901306
0.9934244751930237
0.9994180798530579
0.9607337713241577
0.9986861348152161
0.9999576807022095
0.998923659324646
0.9940353631973267
0.9999948740005493
0.9621738195419312
0.9962086081504822
0.9983406066894531
0.9959657192230225
0.9999998211860657
0.9982877969741821
0.95464026927948
0.983535647392273
0.9988811016082764
0.9973390102386475
0.9961729645729065
0.9888758063316345
0.9988193511962891
0.989102840423584
1.0
0.9996092915534973
0.99989253282547
0.9846919775009155
0.9342420101165771
0.9999093413352966
0.9957293272018433
0.9979849457740784
0.9861977100372314
0.9999904632568359
0.9895376563072205
0.9920911192893982
0.9747170209884644
0.9944629073143005
0.9995793104171753
0.9632068872451782
0.9985800981521606
0.9997559189796448
0.9227196574211121
0.9944373369216919
0.9997451305389404
0.9999842643737793
0.9994425773620605
0.9999868869781494
0.959566056728363
0.9998087286949158
0.9998911023139954
0.9999778270721436
0.9732467532157898
0.9968996644020081
0.9981144070625305
0.9839910864830017
0.9999914765357971
0.9961309432983398
0.9999562501907349
0.9992620348930359
0.9643361568450928
0.9999998807907104
0.9992106556892395
0.9624810218811035
0.9977657198905945
0.9990978240966797
0.9994716644287109
0.9989145398139954
0.9998486638069153
0.95903480052948
0.9999086856842041
0.992917001247406
0.999993085861206
0.984114944934845
0.9987444877624512
0.9999998807907104
0.999954104423523
0.964592456817627
0.9585555791854858
0.9734907746315002
0.9886419177055359
0.9999998211860657
0.9903102517127991
0.997092604637146
0.9882307052612305
0.9978529810905457
1.0
0.9972453117370605
0.99991774559021
0.998643159866333
0.9988546967506409
0.9615305662155151
0.9980685114860535
0.9999961853027344
0.9867262244224548
0.9979023933410645
0.9982945919036865
0.9994491934776306
0.9999796748161316
0.9999336004257202
0.986995279788971
0.9996688961982727
0.9899895191192627
0.9773662090301514
0.9998956918716431
0.9999757409095764
1.0
0.9987236261367798
0.9978679418563843
0.9997254610061646
0.9999667406082153
0.9987912178039551
0.9999929070472717
0.9930610656738281
0.9918887615203857
0.9950156211853027
0.9835326075553894
0.9988048076629639
0.9966956973075867
0.998370349407196
0.9995681047439575
0.9919632077217102
